       2000.000      62      70       22.48912
       1000.000      62      71       13.93610
          0.000      62      72       15.66765
       4828.427      63      69       62.85027
       2414.214      63      70       22.48912
       1414.214      63      71       25.69047
       1000.000      63      72       22.48912
       4414.214      64      69       22.48912
       3414.214      64      70       41.61552
       2414.214      64      71       20.17639
       3414.214      64      72       22.48912
       5414.214      65      69       22.48912
       4414.214      65      70       25.80236
       3414.214      65      71       24.19205
       4414.214      65      72       38.12683
       5414.214      65      73       22.48912
       6414.214      66      69       31.60719
       5414.214      66      70       30.69001
       4414.214      66      71       15.42684
       5414.214      66      72       22.48912
       6414.214      66      73       22.48912
       6828.427      67      69       22.48912
       6414.214      67      70       22.48912
       5414.214      67      71       24.57316
       5828.427      67      72       31.05299
       6828.427      67      73       22.48912
       9242.641      67      74       29.77944
       9242.641      68      69       32.13886
       8242.641      68      70       27.07697
       7242.641      68      71       22.90666
       6828.427      68      72       24.37563
       7828.427      68      73       27.86896
       8828.428      68      74       34.71245
      10242.640      69      69       18.16680
       9242.641      69      70       23.82325
       8242.641      69      71       20.52620
       7828.427      69      72       20.26930
       8828.428      69      73       25.69279
      11242.640      69      74       30.73638
      11656.850      69      75       35.01294
      11656.850      70      68       22.48912
      10656.850      70      69       24.77335
       9656.854      70      70       21.31392
       9242.641      70      71       22.48912
       8828.428      70      72       22.48912
       9242.641      70      73       18.99680
      10242.640      70      74       23.49945
      11242.640      70      75       29.77944
      13656.850      70      76       29.77944
      11071.070      71      69       22.45927
      10656.850      71      70       28.59156
      12242.640      71      71       22.45927
      11242.640      71      72       39.30612
      10242.640      71      73       17.30366
      11242.640      71      74       10.66203
      11656.850      71      75       16.49715
      12656.850      71      76       14.99028
      13656.850      71      77       22.72144
      12071.070      72      69       22.45927
      15656.850      72      70       24.73488
      13242.640      72      71       20.94818
      12242.640      72      72       27.95731
      11242.640      72      73       20.94845
      12242.640      72      74       22.72144
      12656.850      72      75       22.72144
      13656.850      72      76       22.31275
      14071.070      72      77       14.51963
      15071.070      72      78       19.01236
      17071.070      73      69       22.45927
      15242.640      73      70       22.45927
      14242.640      73      71       16.90227
      13242.640      73      72       15.77231
      12242.640      73      73       11.67520
      12656.850      73      74       19.20500
      13656.850      73      75       20.70451
      15485.280      73      76       22.72144
      15071.070      73      77       22.72144
      16071.070      73      78       22.72144
      16485.279      73      79       20.16570
      19485.279      74      69       22.45927
      16242.640      74      70       22.45927
      15242.640      74      71       23.29510
      14242.640      74      72       23.21957
      13242.640      74      73       15.04811
      14242.640      74      74       11.95647
      14071.070      74      75       22.74059
      15071.070      74      76       23.33403
      16071.070      74      77       22.72144
      17071.070      74      78       22.72144
      17485.279      74      79       26.08206
      17899.490      74      80       19.33549
      20071.070      75      68       22.45927
      19071.070      75      69       36.95830
      18071.070      75      70       24.19456
      16242.640      75      71       22.45927
      15242.640      75      72       17.12406
      14242.640      75      73       19.80042
      15242.640      75      74       22.81036
      15071.070      75      75       16.41024
      16071.070      75      76       24.36084
      17899.490      75      77       31.28163
      18899.490      75      78       22.72144
      18485.279      75      79       23.63502
      18899.490      75      80       22.72144
      20656.859      76      67       38.34993
      19656.859      76      68       24.73361
      18656.859      76      69       24.79315
      17656.859      76      70       26.82242
      16656.859      76      71       20.78299
      15656.850      76      72       14.55806
      15242.640      76      73       11.84334
      16242.640      76      74       27.89474
      16071.070      76      75       24.23863
      16485.279      76      76       22.86827
      17485.279      76      77       26.38816
      18485.279      76      78       22.72144
      20313.711      76      79       22.72144
      21313.711      76      80       22.72144
      22313.711      76      81       22.72144
      21071.070      77      67       31.63084
      20071.070      77      68       22.45927
      19071.070      77      69       31.30864
      18656.859      77      70       33.75825
      17656.859      77      71       22.45927
      16656.859      77      72       10.37348
      16242.640      77      73       22.45927
      16656.850      77      74       29.97590
      17899.490      77      75       33.06906
      17485.279      77      76       38.26458
      17899.490      77      77       26.01068
      18899.490      77      78       15.27372
      19899.490      77      79       23.44360
      20899.490      77      80       25.42461
      21899.490      77      81       22.72144
      22071.070      78      67       22.45927
      21071.070      78      68       22.45927
      20071.070      78      69       25.58257
      19071.070      78      70       31.72425
      18071.070      78      71       22.81863
      17656.859      78      72       27.72261
      18656.859      78      73       22.45927
      17656.850      78      74       22.72144
      18899.490      78      75       35.71916
      18485.279      78      76       22.72144
      18899.490      78      77       44.24865
      19313.711      78      78       21.62256
      20313.711      78      79       19.83776
      21313.711      78      80       23.91931
      22485.279      79      67       22.45927
      21485.279      79      68       21.56086
      20485.279      79      69       32.40920
      20071.070      79      70       37.29445
      19071.070      79      71       33.77978
      19485.279      79      72       27.10572
      20485.279      79      73       39.43117
      21485.279      79      74       22.72144
      27313.711      79      75       22.72144
      27727.920      79      76       22.72144
      20727.920      79      77       22.72144
      20313.711      79      78       31.28388
      20727.920      79      79       23.45485
      21727.920      79      80       27.48113
      22727.920      79      81       22.72144
      30727.920      80      66       22.45927
      29727.920      80      67       22.45927
      23071.070      80      68       32.43527
      22071.070      80      69       34.58148
      21071.070      80      70       37.81380
      20071.070      80      71       32.62050
      21071.070      80      72       22.23876
      23485.279      80      73       22.45927
      23899.490      80      74       22.72144
      26313.711      80      75       40.04299
      26727.920      80      76       22.72144
      27727.920      80      77       27.07491
      22142.131      80      78       23.33483
      21727.920      80      79       30.47950
      22727.920      80      80       22.72144
      30142.131      81      65       18.74805
      29727.920      81      66       18.74805
      28727.920      81      67       25.87498
      27727.920      81      68       18.74805
      25313.711      81      69       37.69695
      22071.070      81      70       32.95806
      21071.070      81      71       28.24386
      21485.279      81      72       12.86270
      22485.279      81      73       18.74805
      24899.490      81      74       19.62447
      25313.711      81      75       22.11215
      26313.711      81      76       20.16198
      27313.711      81      77       24.36249
      29142.131      81      78       23.58446
      32970.559      81      79       19.62447
      33384.770      81      80       19.62447
      30727.920      82      64       18.74805
      29727.920      82      65       23.82273
      28727.920      82      66       17.89465
      27727.920      82      67       29.61282
      26727.920      82      68       18.58223
      26313.711      82      69       18.74805
      23899.490      82      70       13.25956
      22899.490      82      71       16.00844
      22485.279      82      72       18.74805
      22899.490      82      73       18.85939
      23899.490      82      74       24.40001
      26313.711      82      75       16.19952
      26727.920      82      76       19.62447
      27727.920      82      77       19.62447
      29556.350      82      78       19.62447
      31970.561      82      79       22.03761
      32384.770      82      80       28.23174
      32142.131      83      63       27.77420
      31142.131      83      64       16.60878
      30142.131      83      65       15.34033
      28313.711      83      66       10.77983
      27313.711      83      67       25.90942
      26313.711      83      68       19.77251
      25313.711      83      69       16.16746
      24313.711      83      70       19.41455
      23899.490      83      71       18.74805
      24899.490      83      72       18.83179
      23899.490      83      73       16.87243
      24313.711      83      74       18.51209
      25313.711      83      75        9.52696
      26313.711      83      76       19.62447
      28142.131      83      77       39.27230
      30556.350      83      78       25.09064
      30970.561      83      79       28.87734
      31970.561      83      80       37.12353
      32556.350      84      63       21.50663
      32142.131      84      64       18.74805
      31142.131      84      65       18.74805
      28727.920      84      66       18.74805
      27727.920      84      67       18.74805
      26727.920      84      68       19.49703
      26313.711      84      69       31.15129
      25313.711      84      70       32.16984
      25727.920      84      71       18.74805
      25313.711      84      72       22.73656
      24899.490      84      73       32.51983
      25313.711      84      74       31.39857
      26313.711      84      75       10.61818
      26727.920      84      76       16.60176
      27727.920      84      77       18.70043
      29556.350      84      78       24.79739
      30556.350      84      79       37.37828
      31556.350      84      80       36.40525
      33384.770      84      81       19.62447
      33970.559      85      64       18.74805
      31556.350      85      65       18.74805
      29142.131      85      66       28.77271
      28142.131      85      67       25.48937
      27727.920      85      68       15.15892
      27313.711      85      69       18.74805
      26313.711      85      70       26.52549
      26727.920      85      71       18.74805
      26313.711      85      72       19.11831
      25899.490      85      73       46.80631
      26313.711      85      74       32.77457
      27313.711      85      75       40.12692
      27727.920      85      76       29.35491
      28142.131      85      77       15.70991
      29142.131      85      78       15.34166
      30970.561      85      79       23.09226
      31970.561      85      80       32.26295
      32970.559      85      81       37.61914
      33970.559      85      82       19.62447
      32970.559      86      64       17.40517
      31142.131      86      65       17.53960
      30142.131      86      66       10.87800
      29142.131      86      67       10.83104
      30142.131      86      68       14.70106
      31142.131      86      69       18.74805
      32970.559      86      70       18.74805
      27727.920      86      71       18.74805
      27313.711      86      72       15.42854
      27727.920      86      73       18.74805
      28727.920      86      74       14.69606
      29142.131      86      75       30.95774
      28727.920      86      76       19.62447
      29142.131      86      77       33.84776
      29556.350      86      78       13.60001
      30556.350      86      79       17.87692
      31556.350      86      80       36.76007
      35384.770      86      81       19.62447
      35798.988      86      82       47.79628
      36798.988      86      83       19.62447
      31556.350      87      65       19.25484
      30556.350      87      66       15.60521
      30142.131      87      67       25.72993
      30556.350      87      68       11.79265
      31556.350      87      69       14.30290
      32556.350      87      70       19.90760
      28727.920      87      71       18.74805
      28313.711      87      72       18.74805
      28727.920      87      73       11.02979
      38798.988      87      74       19.62447
      37798.988      87      75       19.62447
      30556.350      87      76       19.62447
      30970.561      87      77       27.67918
      30556.350      87      78       19.62447
      30970.561      87      79       13.09962
      31970.561      87      80       20.69299
      34384.770      87      81       20.67453
      35384.770      87      82       28.13736
      36384.770      87      83       23.45984
      32556.350      88      69       18.74805
      32970.559      88      70       22.66206
      43627.422      88      71       18.74805
      43213.199      88      72       17.50893
      42798.988      88      73       18.74805
      38384.770      88      74       19.62447
      37384.770      88      75       19.62447
      36384.770      88      76       19.62447
      35970.559      88      77       19.62447
      32970.559      88      78       19.62447
      31970.561      88      79       12.93106
      32970.559      88      80       12.40692
      33970.559      88      81       12.55089
      34970.559      88      82       19.62447
      36798.988      88      83       19.62447
      37798.988      88      84       17.69263
      42627.422      89      71       14.02007
      42213.199      89      72       16.05582
      41798.988      89      73       13.33464
      42213.199      89      74       21.23226
      36970.559      89      75       16.85663
      35970.559      89      76       17.61553
      34970.559      89      77       14.97927
      33970.559      89      78       12.53604
      32970.559      89      79        6.63666
      33970.559      89      80       19.62447
      34384.770      89      81       11.46195
      35384.770      89      82       13.65377
      36384.770      89      83       20.43105
      42213.199      89      84       26.70786
      43213.199      89      85       17.69263
      43627.422      89      86       17.69263
      42213.199      90      71       18.74805
      41213.199      90      72       13.65602
      40798.988      90      73       16.30376
      39798.988      90      74       19.62447
      38213.199      90      75       19.62447
      37798.988      90      76       19.62447
      35384.770      90      77       10.95124
      34970.559      90      78       19.62447
      33970.559      90      79        7.56687
      34970.559      90      80       19.62447
      35970.559      90      81       19.62447
      36384.770      90      82       19.62447
      40213.199      90      83       19.62447
      41213.199      90      84       17.69263
      42213.199      90      85       21.75875
      43213.199      90      86       27.61224
      45627.422      90      87       17.69263
      46041.629      90      88       17.69263
      46455.852      90      89        9.08639
      41798.988      91      71        6.05727
      40798.988      91      72       13.49798
      39798.988      91      73       10.93018
      38798.988      91      74       12.75507
      37798.988      91      75       10.46990
      36798.988      91      76        9.84076
      37798.988      91      77       16.18915
      35384.770      91      78       10.46990
      34970.559      91      79       16.95625
      35384.770      91      80        2.83518
      36384.770      91      81       10.46990
      38798.988      91      82       10.46990
      39213.199      91      83       10.46990
      40213.199      91      84       12.07070
      41213.199      91      85       14.62590
      42213.199      91      86       17.48620
      44627.422      91      87       13.84757
      45041.629      91      88       16.37747
      46041.629      91      89       19.52600
      41213.199      92      72       11.98704
      40798.988      92      73        6.05727
      39213.199      92      74       16.07501
      38213.199      92      75        9.54748
      37798.988      92      76       12.61155
      38213.199      92      77       27.99808
      36384.770      92      78       10.46990
      37384.770      92      79       10.46990
      36384.770      92      80        5.21638
      36798.988      92      81        5.20064
      37798.988      92      82        5.93652
      38798.988      92      83        5.21353
      39798.988      92      84       11.61204
      40798.988      92      85        4.52492
      42627.422      92      86        7.79229
      43627.422      92      87        8.52231
      44627.422      92      88       11.61204
      46455.852      92      89       11.61204
      42213.199      93      72        7.02731
      40627.422      93      73        6.05727
      39627.422      93      74       10.46990
      39213.199      93      75       16.68787
      38798.988      93      76       14.66465
      39213.199      93      77       10.46990
      39627.422      93      78       10.46990
      39213.199      93      79       10.46990
      38213.199      93      80       14.72217
      37798.988      93      81       16.00763
      38798.988      93      82       12.69707
      39798.988      93      83       10.46990
      40798.988      93      84       11.61204
      41798.988      93      85       11.61204
      43627.422      93      86       24.01781
      44041.629      93      87        6.98702
      45041.629      93      88       29.43564
      46041.629      93      89       11.61204
      47870.059      93      90       11.61204
      41627.422      94      73        6.05727
      40627.422      94      74        9.32567
      40213.199      94      75       14.11653
      40627.422      94      76       12.67983
      41627.422      94      77       10.46990
      42041.629      94      78       10.46990
      40213.199      94      79       10.46990
      39213.199      94      80       12.64963
      38798.988      94      81       10.46990
      39213.199      94      82       16.77997
      40213.199      94      83       20.38924
      41213.199      94      84       11.42485
      45041.629      94      85       11.61204
      45455.852      94      86       11.61204
      45041.629      94      87       20.96612
      45455.852      94      88        3.49318
      46455.852      94      89       20.02265
      48284.281      94      90       23.35193
      51284.281      94      91       11.61204
      51698.488      94      92       11.61204
      41627.422      95      74       10.46990
      41213.199      95      75       10.46990
      41627.422      95      76        7.51980
      42627.422      95      77       10.46990
      41627.422      95      78       10.46990
      40627.422      95      79       10.75749
      40213.199      95      80       18.08883
      40627.422      95      81        7.50310
      41627.422      95      82       10.46990
      40627.422      95      83       17.25953
      41627.422      95      84       17.05062
      50284.281      95      85       20.72319
      48455.852      95      86       11.61204
      47455.852      95      87        9.97337
      46455.852      95      88        5.85925
      46870.059      95      89        8.58173
      47870.059      95      90        4.39466
      50284.281      95      91       21.52088
      50698.488      95      92       11.61204
      51698.488      95      93       11.61204
      43041.629      96      75        4.43233
      42627.422      96      76        8.31602
      43041.629      96      77       10.46990
      42041.629      96      78        8.27932
      41627.422      96      79       11.43279
      42627.422      96      80       11.68918
      41627.422      96      81        6.22144
      42627.422      96      82        7.30072
      45041.629      96      83       10.46990
      45455.852      96      84       11.61204
      49870.059      96      85       11.61204
      48870.059      96      86       19.28347
      47870.059      96      87       13.38976
      47455.852      96      88       11.61204
      47870.059      96      89       11.61204
      48284.281      96      90        6.14777
      49284.281      96      91        3.18299
      50284.281      96      92       11.61204
      52698.488      96      93       11.61204
      53112.711      96      94       15.98961
      43455.852      97      77       10.46990
      45041.629      97      78        5.22196
      44041.629      97      79        8.21774
      43041.629      97      80        9.48625
      42627.422      97      81        9.54519
      43041.629      97      82       10.72824
      44041.629      97      83       16.48963
      45041.629      97      84       21.75939
      46041.629      97      85       11.61204
      49870.059      97      86       11.61204
      48870.059      97      87       12.86499
      49870.059      97      88       11.61204
      49698.488      97      89       11.61204
      49284.281      97      90        6.23455
      50284.281      97      91       11.61204
      50698.488      97      92        3.72177
      51698.488      97      93        4.29168
      54112.711      97      94       40.59375
      55112.711      97      95       15.98961
      56112.711      97      96       15.98961
      45455.852      98      78       10.46990
      44455.852      98      79        9.92403
      44041.629      98      80       13.66201
      44455.852      98      81       10.27706
      44041.629      98      82       17.89728
      44455.852      98      83        8.02243
      45455.852      98      84       19.51514
      46455.852      98      85       11.61204
      50284.281      98      86       18.54131
      49870.059      98      87       12.96178
      50284.281      98      88       11.61204
      51284.281      98      89       11.61204
      50284.281      98      90        8.02058
      52112.711      98      91       11.61204
      51698.488      98      92       11.61204
      52112.711      98      93        5.37732
      53112.711      98      94        8.31699
      54112.711      98      95        6.64259
      55112.711      98      96       11.74933
      56112.711      98      97       15.98961
      45455.852      99      79       10.46990
      45870.059      99      80       10.46990
      45455.852      99      81        7.17879
      46455.852      99      82       10.46990
      45455.852      99      83        4.86788
      45870.059      99      84        5.58379
      48284.281      99      85       11.61204
      49284.281      99      86       11.61204
      51698.488      99      87       11.61204
      54112.711      99      88       11.61204
      52284.281      99      89       11.61204
      51284.281      99      90        8.73521
      52284.281      99      91       18.84559
      54112.711      99      92       11.61204
      53112.711      99      93        6.43167
      53526.922      99      94        8.58606
      54526.922      99      95        8.68653
      56112.711      99      96        6.69188
      56526.922      99      97       13.04250
      57526.922      99      98       15.98961
      47455.852     100      82       10.46990
      46455.852     100      83       11.60150
      46870.059     100      84        5.35396
      47870.059     100      85        3.62356
      50284.281     100      86       15.59401
      50698.488     100      87       21.19673
      53698.488     100      88       11.61204
      52698.488     100      89        5.82275
      52284.281     100      90       11.61204
      52698.488     100      91       11.61204
      54526.922     100      92       12.25535
      54112.711     100      93       11.88171
      54526.922     100      94       10.97499
      54941.141     100      95       11.38361
      55941.141     100      96       15.98961
      57526.922     100      97       15.98961
      48284.281     101      83        6.21541
      47870.059     101      84       14.13494
      48284.281     101      85        3.93471
      49284.281     101      86        6.93283
      50284.281     101      87       10.26020
      52112.711     101      88       10.26020
      53698.488     101      89        8.42271
      54698.488     101      90       11.35384
      55941.141     101      91       10.26020
      55526.922     101      92       10.26020
      55112.711     101      93       10.26020
      55526.922     101      94       18.62607
      55941.141     101      95       18.76822
      56355.352     101      96       18.23300
      49698.488     102      84       10.26020
      49284.281     102      85       10.26020
      50284.281     102      86        5.04391
      50698.488     102      87        3.51709
      51698.488     102      88        6.78442
      52698.488     102      89        7.61506
      53698.488     102      90       10.26020
      51284.281     103      86       10.26020
      51698.488     103      87       10.26020
