      72941.133      34      16       14.36812
      73355.344      34      17       14.36812
      73769.547      34      18       14.79292
      74183.773      34      19       14.36812
      72355.344      35      15       14.36812
      71941.133      35      16       28.01945
      72355.344      35      17       11.60934
      72769.547      35      18        9.46741
      73769.547      35      19        8.16803
      71941.133      35      20       14.36812
      73769.547      35      21       14.36812
      73355.344      35      22       14.36812
      73769.547      35      23        1.61321
      71355.344      36      15       14.36812
      70941.133      36      16       13.48513
      71355.344      36      17       20.26454
      72355.344      36      18       14.36812
      70526.922      36      19       14.36812
      70941.133      36      20       14.36812
      71355.344      36      21       12.78672
      72355.344      36      22        4.52883
      72769.547      36      23        4.94008
      73183.773      36      24       25.51041
      71355.344      37      14       14.36812
      70941.133      37      15       18.66871
      69941.133      37      16       17.74060
      69526.922      37      17       14.13040
      69941.133      37      18       14.36812
      69526.922      37      19       31.81981
      69941.133      37      20        8.44137
      70941.133      37      21        9.90262
      71355.344      37      22        6.80022
      71769.547      37      23        4.69869
      72769.547      37      24       13.32437
      72355.344      38      12       11.44664
      71941.133      38      13       10.13040
      70941.133      38      14        9.35375
      69941.133      38      15       14.60824
      68941.133      38      16       21.79233
      68526.922      38      17       21.17323
      68941.133      38      18       14.36812
      68526.922      38      19       15.64039
      69526.922      38      20       19.53431
      69941.133      38      21       14.36812
      70355.344      38      22        8.75532
      71355.344      38      23        4.62669
      73183.773      38      24       10.71389
      71769.562      39      11       11.44664
      71941.133      39      12        5.08606
      70941.133      39      13       12.01109
      69941.133      39      14       14.36812
      69526.922      39      15       14.43242
      68526.922      39      16       22.04044
      67526.922      39      17       22.92043
      67112.711      39      18       31.86534
      67526.922      39      19       19.03702
      68526.922      39      20       14.36812
      68941.133      39      21       11.17323
      69941.133      39      22       10.20919
      70941.133      39      23       14.36812
      74183.773      39      24       13.31707
      69941.141      40       9       11.44664
      70355.352      40      10        6.12628
      70769.562      40      11       11.44664
      71526.922      40      12       11.44664
      70526.922      40      13        5.98988
      69526.922      40      14        7.61936
      68526.922      40      15       14.00338
      67526.922      40      16       21.23230
      66526.922      40      17       15.94215
      66112.711      40      18       12.25350
      66526.922      40      19       20.74192
      67526.922      40      20       24.87255
      68526.922      40      21       14.99639
      69526.922      40      22       30.02173
      70526.922      40      23       14.36812
      72941.133      40      24        5.25000
      73355.344      40      25       13.31707
      66112.711      40      26       13.31707
      69941.141      41       8       10.71943
      68941.141      41       9       12.77315
      69355.352      41      10       11.29228
      70355.352      41      11       17.23821
      69355.344      41      12       17.23821
      70941.133      41      13        7.07549
      69941.133      41      14        6.70233
      68941.133      41      15       12.14624
      67941.133      41      16       16.59793
      66112.711      41      17       40.45633
      65112.711      41      18       20.00673
      66112.711      41      19       23.68354
      67112.711      41      20       18.98181
      68941.133      41      21       23.49168
      69941.133      41      22       10.31688
      70941.133      41      23        7.04737
      71941.133      41      24        6.59012
      65526.930      41      25        9.31939
      65112.711      41      26       12.00841
      65526.930      41      27       14.52551
      67941.133      41      30       14.52551
      70355.352      42       6       17.23821
      69941.141      42       7        5.95688
      68941.141      42       8       19.87414
      67941.141      42       9       16.15174
      68355.352      42      10       12.14076
      67941.133      42      11       17.23821
      68355.352      42      12       17.23821
      67941.133      42      13       17.23821
      70941.133      42      14       16.59793
      65112.711      42      15       16.59793
      64112.711      42      16       16.59793
      65112.711      42      17       19.69534
      64112.711      42      18        7.88792
      65112.711      42      19       16.59793
      67526.922      42      20       16.59793
      68526.922      42      21       11.00972
      70355.344      42      22       12.68684
      71355.344      42      23       17.46930
      64112.711      42      24       14.52551
      64526.930      42      25       14.52551
      64112.711      42      26        8.40371
      64526.930      42      27        5.50099
      65526.930      42      28        8.93262
      66526.922      42      29        7.50518
      54213.211      42      30       14.52551
      54627.422      42      31        6.26167
      41455.840      42      35       10.78483
      41870.059      42      36       19.40589
      69941.141      43       6       13.12774
      68941.141      43       7       18.08318
      67941.141      43       8       16.11566
      66941.141      43       9       12.85008
      66526.922      43      10       24.25952
      66941.141      43      11       16.66492
      66526.922      43      12       20.23459
      64112.711      43      13       17.23821
      63112.711      43      14       28.62252
      64112.711      43      15       21.80643
      63112.711      43      16       34.68474
      62698.500      43      17        9.28325
      63112.711      43      18       19.13475
      64112.711      43      19       32.88276
      65112.711      43      20       31.42056
      66112.711      43      21       16.59793
      62284.281      43      22       16.59793
      63526.930      43      23       16.59793
      63112.711      43      24       14.52551
      62698.500      43      25       13.61295
      63112.711      43      26        8.16737
      63526.930      43      27       10.12317
      64526.930      43      28       10.21035
      53627.422      43      29        7.80840
      53213.211      43      30        6.70329
      53627.422      43      31       11.19481
      54041.641      43      32       14.52551
      40455.840      43      33       10.95440
      40870.059      43      34       19.40589
      40455.840      43      35       11.00285
      40870.059      43      36        9.00768
      71355.352      44       5       17.23821
      70355.352      44       6       11.21726
      69941.141      44       7       17.23821
      68941.141      44       8       17.23821
      66526.922      44       9       11.08343
      65526.930      44      10       15.32478
      65112.711      44      11       37.68941
      65526.930      44      12       17.23821
      63698.500      44      13       17.23821
      62698.500      44      14       15.35677
      61698.500      44      15       17.78125
      62698.500      44      16       31.98492
      61698.500      44      17       20.15457
      62698.500      44      18       49.94526
      64526.930      44      19       16.59793
      65526.930      44      20       16.59793
      61698.500      44      21       16.59793
      61284.281      44      22       16.56537
      63112.711      44      23       15.95958
      62112.711      44      24       11.22209
      61698.500      44      25       15.34907
      62112.711      44      26       12.32629
      62526.930      44      27        6.89598
      63526.930      44      28       14.38151
      52627.422      44      29        9.17082
      52213.211      44      30       14.52551
      52627.422      44      31       14.52551
      53041.641      44      32        8.17174
      39455.840      44      33       13.39600
      39041.629      44      34       11.37742
      39455.840      44      35       11.43530
      40455.840      44      36       19.40589
       1000.000      44      56       33.72175
          0.000      44      57        9.03446
       1000.000      44      58       26.31373
      67526.922      45       7       17.23821
      67941.133      45       8       15.64589
      66941.141      45       9       17.23821
      65112.711      45      10       17.23821
      64112.711      45      11       12.52649
      63698.500      45      12       34.36975
      64112.711      45      13       17.23821
      63112.711      45      14       16.59793
      61284.281      45      15       16.59793
      60284.281      45      16       16.59793
      60698.500      45      17        5.38258
      61698.500      45      18       20.46033
      64112.711      45      19       16.59793
      65941.141      45      20       16.59793
      60698.500      45      21       14.25312
      60284.281      45      22       11.05038
      60698.500      45      23        3.06145
      61698.500      45      24       12.27930
      60698.500      45      25       12.01585
      61112.711      45      26        8.43077
      62112.711      45      27       12.96005
      63941.141      45      28        7.64764
      52213.211      45      29       14.52551
      51213.211      45      30       16.04912
      51627.422      45      31       23.85484
      52627.422      45      32        6.82768
      38455.840      45      33       17.35323
      38041.629      45      34       19.74115
      38455.840      45      35       12.66226
      39455.840      45      36       19.40589
      10242.640      45      50       28.12052
       9242.641      45      51       28.12052
       8242.641      45      52       38.65707
       7828.427      45      53       28.12052
       6828.427      45      54       26.31373
       3000.000      45      55       34.98901
       2000.000      45      56       34.12732
       1000.000      45      57        8.11705
       2000.000      45      58       26.31373
       4414.213      45      59       26.31373
       5414.213      45      60       42.56700
      66112.711      46       8        8.12984
      65112.711      46       9        8.93554
      64112.711      46      10       18.74204
      63112.711      46      11       14.16187
      62698.500      46      12       23.68533
      61698.500      46      13       17.23821
      60698.500      46      14       16.59793
      60284.281      46      15       16.59793
      59284.281      46      16        2.83260
      59698.500      46      17       22.47219
      60698.500      46      18       27.67953
      61698.500      46      19       16.59793
      60698.500      46      20       16.59793
      59698.500      46      21       10.55607
      59284.281      46      22       10.51725
      59698.500      46      23       16.59793
      59284.281      46      24       21.61748
      59698.500      46      25       17.07474
      60698.500      46      26       10.75896
      61698.500      46      27       14.52551
      52213.211      46      28       14.52551
      51213.211      46      29       24.64240
      50213.211      46      30       24.85070
      51213.211      46      31       14.52551
      38455.840      46      32       14.52551
      37455.840      46      33       16.36126
      37041.629      46      34       18.24725
      36041.629      46      35       19.40589
      36455.840      46      36       19.40589
      36041.629      46      37       19.40589
      10828.430      46      49       28.12052
       9828.428      46      50       43.79456
       8828.428      46      51       48.21230
       7828.427      46      52       28.79447
       6828.427      46      53       28.71320
       5828.427      46      54       19.45876
       4828.427      46      55       26.31373
       4414.214      46      56       26.31373
       2000.000      46      57        6.11704
       3000.000      46      58       27.95930
       4000.000      46      59       38.68615
       5000.000      46      60       44.30334
       6000.000      46      61       26.31373
      64526.930      47      10       11.73270
      62698.500      47      11        9.46482
      61698.500      47      12       15.08075
      60698.500      47      13       12.47945
      59698.500      47      14        8.51384
      59284.281      47      15       16.59793
      58284.281      47      16        5.03373
      59284.281      47      17       16.59793
      60284.281      47      18       16.59793
      62112.711      47      19       16.59793
      58870.070      47      20       16.59793
      59284.281      47      21       11.90851
      58284.281      47      22       16.91484
      57870.070      47      23       16.59793
      58284.281      47      24       26.89751
      58698.500      47      25       19.08472
      59698.500      47      26       14.52551
      62112.711      47      27       11.39865
      49213.211      47      28       22.73355
      49627.422      47      29       14.52551
      49213.211      47      30       24.89111
      50213.211      47      31       14.52551
      51213.211      47      32       14.52551
      37041.629      47      33       14.52551
      36041.629      47      34       18.49602
      35041.629      47      35       10.16881
      34627.410      47      36       44.14096
      33627.410      47      37       19.40589
      34041.629      47      38       19.40589
      33627.410      47      39       19.40589
      16899.500      47      47       28.12052
      15899.500      47      48       28.12052
      11242.640      47      49       28.12052
      10242.640      47      50       43.88575
       9242.641      47      51       47.28293
       8242.641      47      52       28.12052
       7828.427      47      53       28.12052
       5414.214      47      54       24.90974
       4414.214      47      55       15.59193
       3414.214      47      56        5.45710
       3000.000      47      57        8.12736
       4000.000      47      58       26.31373
       4414.213      47      59       26.31373
       5414.213      47      60       46.85234
       6414.213      47      61       26.31373
      63112.711      48      11       21.40480
      62698.500      48      12       30.33829
      61698.500      48      13       17.23821
      59284.281      48      14        7.96812
      58284.281      48      15       16.40681
      57284.281      48      16        4.53349
      58284.281      48      17       16.59793
      59284.281      48      18       16.59793
      58284.281      48      19       16.59793
      57870.070      48      20       22.48404
      58284.281      48      21       16.59793
      57284.281      48      22        7.62459
      56870.070      48      23       19.44093
      57284.281      48      24       21.56476
      58284.281      48      25       58.73146
      60112.711      48      26       14.52551
      49213.211      48      27       14.52551
      48213.211      48      28       28.42474
      47798.988      48      29       17.74117
      48213.211      48      30       19.88187
      49213.211      48      31       25.64820
      50213.211      48      32        9.61769
      37455.840      48      33       14.52551
      37041.629      48      34       19.40589
      34627.410      48      35       13.19538
      33627.410      48      36       14.88271
      32627.410      48      37       36.35334
      32213.199      48      38       42.15738
      31798.990      48      39       35.50776
      32213.199      48      40       33.69813
      32627.410      48      41       19.40589
      21970.561      48      42       19.40589
      21556.350      48      43       19.40589
      21970.561      48      44       16.04809
      17313.711      48      45       28.12052
      16313.710      48      46       28.12052
      15899.500      48      47       28.12052
      15485.280      48      48       28.12052
      14485.280      48      49       50.91448
      14899.500      48      50       28.12052
      10242.640      48      51       28.12052
      10071.070      48      52       28.12052
       7656.854      48      53       28.12052
       7242.641      48      54       26.31373
       4828.427      48      55       47.56931
       4414.214      48      56       18.01587
       4000.000      48      57       34.90968
       4414.213      48      58       30.16776
       5414.213      48      59       26.31373
       7242.640      48      60       26.31373
       8242.641      48      61       26.31373
      64112.711      49      11       17.23821
      63112.711      49      12       17.23821
      62698.500      49      13       17.23821
      58284.281      49      14       16.59793
      57284.281      49      15       18.96948
      56284.281      49      16        9.14876
      57284.281      49      17       43.02905
      56284.281      49      18       16.59793
      57284.281      49      19       16.59793
      56870.070      49      20       12.27818
      57870.070      49      21       16.59793
      56870.070      49      22       16.59793
      55870.070      49      23       23.07643
      56284.281      49      24        8.58909
      57284.281      49      25       14.52551
      59698.500      49      26       14.52551
      48798.988      49      27       14.52551
      47798.988      49      28       14.52551
      46798.988      49      29       23.73970
      47213.211      49      30       21.03573
      49627.422      49      31       17.65113
      48627.422      49      32       18.54205
      49627.422      49      33       14.52551
      36041.629      49      34       19.40589
      35041.629      49      35       18.24944
      34627.410      49      36       21.78030
      32213.199      49      37       31.78778
      31213.199      49      38       22.87274
      30798.990      49      39       35.48532
      31213.199      49      40       23.04793
      32213.199      49      41       21.63722
      21556.350      49      42       19.40589
      20556.350      49      43       18.90668
      20142.131      49      44       28.12052
      19142.131      49      45       28.12052
      15899.500      49      46       34.65018
      14899.500      49      47       41.38267
      14485.280      49      48       50.85401
      13485.280      49      49       49.85550
      13071.070      49      50       28.12052
      12071.070      49      51       60.14280
      11071.070      49      52       47.15295
       8656.854      49      53       43.62841
       6242.641      49      54       16.44471
       7242.641      49      55       33.38295
       8242.641      49      56       26.31373
       5000.000      49      57       26.31373
       5414.213      49      58       42.94926
       5828.427      49      59       33.19384
       6828.427      49      60       57.62457
       7828.427      49      61       26.31373
      62112.711      50       8        9.97119
      61112.711      50       9       17.23821
      60698.500      50      10       17.23821
      59698.500      50      11       32.59601
      58698.500      50      12       17.23821
      57698.500      50      13       17.23821
      58698.500      50      14       16.59793
      58284.281      50      15       16.59793
      57284.281      50      16        3.94177
      54870.070      50      17        3.82847
      55870.070      50      18       16.59793
      54870.070      50      19       16.59793
      55870.070      50      20       14.66511
      54870.070      50      21       16.59793
      55870.070      50      22       16.59793
      54870.070      50      23       22.37871
      55870.070      50      24       14.52551
      57698.500      50      25       16.75187
      58112.711      50      26       14.78567
      47213.211      50      27       14.52551
      46798.988      50      28       44.52246
      45798.988      50      29       22.10046
      46798.988      50      30       14.52551
      47213.211      50      31       15.76223
      48213.211      50      32       33.87431
      49213.211      50      33       14.52551
      36455.840      50      34       19.40589
      36041.629      50      35       19.40589
      35627.410      50      36       19.40589
      32627.410      50      37       22.01859
      30798.990      50      38       35.80067
      29798.990      50      39       19.16408
      30798.990      50      40       19.40589
      31213.199      50      41       19.40589
      21142.131      50      42       19.40589
      20142.131      50      43       19.86811
      19142.131      50      44       15.44895
      18142.131      50      45       17.93156
      15485.280      50      46       28.12052
      14485.280      50      47       37.96270
      13485.280      50      48       33.07827
      12485.280      50      49       38.01684
      12071.070      50      50       28.12052
      11071.070      50      51       36.19290
      10071.070      50      52       53.19194
       7656.854      50      53        0.00100
       8656.854      50      54       12.20560
       9656.854      50      55       24.73733
      10656.850      50      56       48.24665
      11656.850      50      57       26.31373
       6414.213      50      58       26.31373
       6828.427      50      59       34.25219
       7242.640      50      60       38.15591
       8242.641      50      61       54.78701
       9242.641      50      62       26.31373
      64112.711      51       7       13.17007
      63112.711      51       8       22.08437
      60698.500      51       9        4.85412
      59698.500      51      10        5.13634
      58698.500      51      11       10.46026
      57698.500      51      12        4.26878
      56698.500      51      13       22.79643
      56284.281      51      14       13.52428
      58698.500      51      15       13.52428
      58284.281      51      16       13.52428
      55870.070      51      17        2.45428
      53455.852      51      18       13.60224
      54455.852      51      19       13.52428
      53455.852      51      20       23.89317
      54455.852      51      21       13.52428
      54870.070      51      22       13.52428
      53870.070      51      23       16.43193
      54870.070      51      24       19.63766
      56698.500      51      25       18.32241
      57112.711      51      26       20.29043
      46798.988      51      27       19.18414
      45798.988      51      28       32.77420
      44798.988      51      29       33.37458
      45798.988      51      30       29.19485
      46798.988      51      31       29.68096
      47798.988      51      32       21.10627
      39970.559      51      33       19.63766
      40384.781      51      34       23.05672
      33627.410      51      35       10.71158
      32627.410      51      36       21.91177
      30798.990      51      37       23.05672
      29798.990      51      38       26.87336
      28798.990      51      39       24.83435
      29798.990      51      40       46.60920
      28798.990      51      41       23.05672
      29798.990      51      42       19.30026
      20556.350      51      43       23.05672
      20142.131      51      44       25.61385
      17727.920      51      45       18.93774
      16727.920      51      46       24.09466
      14899.500      51      47       30.70381
      13071.070      51      48       25.61385
      12071.070      51      49       20.41627
      11071.070      51      50       23.53377
      10071.070      51      51       19.56001
       9071.067      51      52       16.87848
       8656.854      51      53       21.12641
       9656.854      51      54       30.21200
      10071.070      51      55       32.39796
      11071.070      51      56       32.62351
      12071.070      51      57       30.21200
       8242.641      51      58       30.21200
       7828.427      51      59       42.63980
       8242.641      51      60       30.36160
       8656.854      51      61       30.21200
       9656.854      51      62       30.21200
      63112.711      52       7       15.98625
      62112.711      52       8        8.54433
      61112.711      52       9        6.25153
      60698.500      52      10       13.28428
      59698.500      52      11       13.28428
      57284.281      52      12        6.50858
      56284.281      52      13        5.71313
      55284.281      52      14        6.74040
      54870.070      52      15        2.35849
      53870.070      52      16       13.52428
      53455.852      52      17       13.52428
      52455.852      52      18        3.23066
      52041.641      52      19       19.79254
      53041.641      52      20       13.52428
      53455.852      52      21       13.52428
      52455.852      52      22       13.52428
      52870.070      52      23       10.30802
      53870.070      52      24       19.63766
      55698.500      52      25       18.94124
      56698.500      52      26       19.63766
      45798.988      52      27       19.63766
      44798.988      52      28       20.94620
      43798.988      52      29       19.12620
      44798.988      52      30       19.63766
      38970.559      52      31       30.80573
      39384.781      52      32       19.63766
      38970.559      52      33       16.72718
      39384.781      52      34       23.05672
      33213.199      52      35       10.60257
      32213.199      52      36       17.68225
      31213.199      52      37       18.78594
      28798.990      52      38       14.12630
      27798.990      52      39       30.84409
      27384.770      52      40       35.77853
      28384.770      52      41       23.05672
      27384.770      52      42       23.05672
      22970.561      52      43       23.05672
      20556.350      52      44       25.61385
      17313.711      52      45       25.61385
      16313.710      52      46       25.61385
      15313.710      52      47       32.36625
      13485.280      52      48       38.75845
      12485.280      52      49       19.15239
      12071.070      52      50       35.59770
      11071.070      52      51       43.36592
      10071.070      52      52       33.63638
       9656.854      52      53       24.80011
      10656.850      52      54       30.21200
      11071.070      52      55       30.21200
      11485.280      52      56       20.09146
      12485.280      52      57       32.79090
      13485.280      52      58       33.35168
      14485.280      52      59       33.91832
       9242.641      52      60       30.21200
       9656.854      52      61       30.06909
      10656.850      52      62       30.21200
      64526.930      53       6       13.28428
      64112.711      53       7       24.19348
      63112.711      53       8       18.61586
      62112.711      53       9       13.28428
      62526.930      53      10       13.28428
      60112.711      53      11       13.28428
      57698.500      53      12       13.28428
      57284.281      53      13       13.28428
      54870.070      53      14       13.52428
      53870.070      53      15        7.43794
      52870.070      53      16       16.24238
      53870.070      53      17       18.80966
      52041.641      53      18       13.52428
      51041.641      53      19        3.73268
      52041.641      53      20       13.52428
      52455.852      53      21       13.52428
      51455.852      53      22       10.64857
      52455.852      53      23       21.36144
      54284.281      53      24       18.45819
      55284.281      53      25       18.17315
      42384.781      53      26       19.63766
      42798.988      53      27       19.63766
      43798.988      53      28       19.63766
      42798.988      53      29       19.49001
      43798.988      53      30       19.63766
      37970.559      53      31       13.32356
      37556.352      53      32       30.47510
      37970.559      53      33       25.11880
      38970.559      53      34       23.05672
      33970.559      53      35       23.05672
      32627.410      53      36       23.05672
      30213.199      53      37       23.05672
      29213.199      53      38       22.33068
      27384.770      53      39       29.43528
      26384.770      53      40       11.99729
      25970.561      53      41       21.51440
      26384.770      53      42       36.31202
      25970.561      53      43       24.92038
      21556.350      53      44       23.96597
      19142.131      53      45       17.55236
      16727.920      53      46       28.91158
      14899.500      53      47       41.17441
      13899.500      53      48       29.92693
      13485.280      53      49       11.70708
      13071.070      53      50       25.61385
      12071.070      53      51       53.13993
      11656.850      53      52       25.61385
      10656.850      53      53       38.22650
      11071.070      53      54       30.21200
      12071.070      53      55       30.21200
      12485.280      53      56       30.21200
      12899.500      53      57       25.80950
      13899.500      53      58       30.21200
      14899.500      53      59       30.21200
      11071.070      53      60       30.21200
      10656.850      53      61       33.59734
      65112.711      54       7       13.28428
      65526.930      54       8       13.28428
      61112.711      54       9       13.28428
      60112.711      54      10       19.07927
      59112.711      54      11       12.41169
      58112.711      54      12       10.12327
      56284.281      54      13       13.28428
      55284.281      54      14       16.01151
      54870.070      54      15       10.53412
      52455.852      54      16        3.29060
      51455.852      54      17        9.05875
      51041.641      54      18       13.93058
      50041.641      54      19        2.68271
      51041.641      54      20       13.52428
      52041.641      54      21       13.52428
      50455.852      54      22        7.95280
      51455.852      54      23       37.67143
      53870.070      54      24       19.63766
      41798.988      54      25       19.63766
      41384.781      54      26       44.02256
      40970.559      54      27       19.63766
      41384.781      54      28       34.16001
      41798.988      54      29       37.16552
      42798.988      54      30       19.63766
      36970.559      54      31        7.80669
      36556.352      54      32       17.69350
      37556.352      54      33       19.63766
      37970.559      54      34       23.05672
      32970.559      54      35       25.09466
      32556.350      54      36       25.02262
      32970.559      54      37       23.05672
      29142.131      54      38       23.05672
      26970.561      54      39       23.05672
      25970.561      54      40       23.05672
      24970.561      54      41       25.39342
      24556.350      54      42       23.05672
      24970.561      54      43       23.05672
      21142.131      54      44       25.61385
      20142.131      54      45       25.61385
      17727.920      54      46       44.21550
      15899.500      54      47       25.61385
      14899.500      54      48       14.39114
      15899.500      54      49       23.32814
      16899.500      54      50       25.61385
      13071.070      54      51       25.61385
      12071.070      54      52       57.64326
      11656.850      54      53       43.54798
      12071.070      54      54       33.57784
      13071.070      54      55       30.21200
      14313.710      54      56       30.21200
      13899.500      54      57       33.87718
      14313.710      54      58       37.99071
      15313.710      54      59       30.21200
      60526.930      55      10       13.28428
      58698.500      55      11       13.28428
      57698.500      55      12       10.78699
      56698.500      55      13        7.42460
      56284.281      55      14        8.36683
      55870.070      55      15       13.52428
      52870.070      55      16       15.64750
      51041.641      55      17       13.52428
      50041.641      55      18       14.07974
      49041.641      55      19        6.83993
      48627.422      55      20        4.84096
      49041.641      55      21       12.51588
      50041.641      55      22        7.27973
      51041.641      55      23       13.52428
      42384.781      55      24       19.63766
      41384.781      55      25       33.70028
      40384.781      55      26       40.41930
      39970.559      55      27       25.65709
      40384.781      55      28       18.47279
      37970.559      55      29       19.63766
      36970.559      55      30       19.63766
      37384.781      55      31        4.24551
      35556.352      55      32       10.55724
      36556.352      55      33       19.63766
      33556.352      55      34       37.04387
      31970.561      55      35       23.05672
      31556.350      55      36       35.66628
      30556.350      55      37       23.05672
      28142.131      55      38       23.05672
      27142.131      55      39       23.05672
      26142.131      55      40       23.05672
      24556.350      55      41        6.91995
      23556.350      55      42       30.52660
      23142.131      55      43       23.05672
      20142.131      55      44       25.61385
      19727.920      55      45       25.61385
      18727.920      55      46       38.95903
      16313.710      55      47       15.50380
      15899.500      55      48       15.20472
      16313.710      55      49       21.01235
      17313.711      55      50       25.61154
      18313.711      55      51       25.61385
      13071.070      55      52       25.61385
      13485.280      55      53       25.61385
      13071.070      55      54       42.66807
      13485.280      55      55       30.04547
      14485.280      55      56       30.21200
      14899.500      55      57       31.10586
      15313.710      55      58       36.66156
      15727.920      55      59       30.21200
      60112.711      56      10       20.29239
      59112.711      56      11        4.96431
      58112.711      56      12       10.06922
      57698.500      56      13       13.28428
      58112.711      56      14       13.52428
      54284.281      56      15       15.51869
      52455.852      56      16       15.22474
      51455.852      56      17       22.41611
      49627.422      56      18       28.23690
      48627.422      56      19       15.70009
      47627.422      56      20        5.79167
      48627.422      56      21        5.91634
      49627.422      56      22       13.52428
      43798.988      56      23       13.52428
      41384.781      56      24       32.26198
      40970.559      56      25       19.63766
      39970.559      56      26       38.07180
      38970.559      56      27       13.05530
      37970.559      56      28       19.63766
      36970.559      56      29       19.63766
      35970.559      56      30       48.75212
      36970.559      56      31       19.63766
      34556.352      56      32       34.17599
      33556.352      56      33       19.63766
      32556.350      56      34       42.70059
      31556.350      56      35       23.05672
      30556.350      56      36       47.12286
      29556.350      56      37       23.05672
      27142.131      56      38       44.16404
      26142.131      56      39       46.98040
      25142.131      56      40       23.05672
      24142.131      56      41       23.05672
      23142.131      56      42       22.23063
      22142.131      56      43       31.15152
      21142.131      56      44       25.61385
      18727.920      56      45       38.22338
      17727.920      56      46        6.25182
      18727.920      56      47       25.53431
      19727.920      56      48       29.56255
      17313.711      56      49       25.61385
      17727.920      56      50       29.18882
      18727.920      56      51       32.66551
      19727.920      56      52       25.61385
      14485.280      56      53       25.61385
      14071.070      56      54       41.92062
      14485.280      56      55       41.66952
      14899.500      56      56       33.08490
      15899.500      56      57       30.21200
      16313.710      56      58       30.21200
      60526.930      57      10       22.26264
      59526.930      57      11       18.86353
      59112.711      57      12       13.28428
      59526.930      57      13       13.28428
      55698.500      57      14       13.52428
      55284.281      57      15       17.07219
      52870.070      57      16       20.30076
      51041.641      57      17       27.58156
      50041.641      57      18       22.27456
      47627.422      57      19       30.54709
      46627.422      57      20       10.33024
      46213.211      57      21        1.42522
      45798.988      57      22       13.52428
      43384.781      57      23       40.09188
      42384.781      57      24       33.00100
      39970.559      57      25       28.27324
      38970.559      57      26        8.93649
      37970.559      57      27        4.24916
      36970.559      57      28        4.45032
      35970.559      57      29        3.05281
      34970.559      57      30        3.63459
      35970.559      57      31        6.13041
      33556.352      57      32       21.25745
      32556.350      57      33       19.63766
      31556.350      57      34       26.78866
      30556.350      57      35       23.05672
      29556.350      57      36       27.17978
      28556.350      57      37       17.30572
      26142.131      57      38        6.62366
      25142.131      57      39       15.96013
      24142.131      57      40        3.32385
      23142.131      57      41        4.56148
      22142.131      57      42       13.34160
      21142.131      57      43        9.23096
      20142.131      57      44        6.10781
      19142.131      57      45       16.68288
      18727.920      57      46       71.80158
      19727.920      57      47       25.61385
      20142.131      57      48       47.53358
      21142.131      57      49       25.61385
      18727.920      57      50       16.44599
      19142.131      57      51       26.02156
      20142.131      57      52       11.76662
      21142.131      57      53       25.61385
      15071.070      57      54       30.21200
      15485.280      57      55       30.21200
      15899.500      57      56       30.21200
      16313.710      57      57       30.21200
      60941.141      58      10       13.28428
      60526.930      58      11        7.18161
      60941.141      58      12       14.46862
      61941.141      58      13       16.69727
      62941.141      58      14       13.52428
      52041.641      58      15       13.52428
      51041.641      58      16       13.52428
      50041.641      58      17       16.96667
      49041.641      58      18       20.91726
      48041.641      58      19       26.83697
      46213.211      58      20       16.25169
      45213.211      58      21        5.18350
      44798.988      58      22        4.15285
      42384.781      58      23        4.63312
      41384.781      58      24        8.62033
      40384.781      58      25       19.52855
      39970.559      58      26        5.95569
      38970.559      58      27       12.39649
      37970.559      58      28       18.17833
      36970.559      58      29       19.63766
      35970.559      58      30       19.63766
      33556.352      58      31        7.63786
      32556.350      58      32        3.40059
      31556.350      58      33        1.97546
      30556.350      58      34        5.94489
      29556.350      58      35        3.02214
      28556.350      58      36        2.95820
      27556.350      58      37        6.90510
      28556.350      58      38       16.80282
      26142.131      58      39       26.70835
      25142.131      58      40       23.05672
      24142.131      58      41       23.05672
      22556.350      58      42       38.47936
      22142.131      58      43       33.51557
      21142.131      58      44       25.61385
      20142.131      58      45       38.34049
      20556.350      58      46       25.61385
      20142.131      58      47       25.61385
      21142.131      58      48       30.12427
      21556.350      58      49       25.61385
      19727.920      58      50       25.61385
      20142.131      58      51       25.61385
      20556.350      58      52       16.07610
      21556.350      58      53       27.86381
      22556.350      58      54       33.24948
      62355.359      59      13       13.28428
      54284.281      59      14       13.52428
      53284.281      59      15       10.15443
      52284.281      59      16       11.71537
      50455.852      59      17       13.52428
      49455.852      59      18       13.52428
      47627.422      59      19       13.52428
      46627.422      59      20       13.52428
      44798.988      59      21       13.52428
      43798.988      59      22        7.29318
      44798.988      59      23       29.72234
      42384.781      59      24       38.08224
      41384.781      59      25       54.51204
      40970.559      59      26       19.63766
      39970.559      59      27       19.63766
      40384.781      59      28       22.83293
      41384.781      59      29       19.63766
      35556.352      59      30       19.63766
      34556.352      59      31       11.52983
      33556.352      59      32       19.63766
      32556.350      59      33       19.63766
      31556.350      59      34       27.99165
      30556.350      59      35       23.05672
      29556.350      59      36       23.05672
      28556.350      59      37       18.16495
      29556.350      59      38       23.05672
      27142.131      59      39       23.05672
      26142.131      59      40       23.05672
      25142.131      59      41       41.96238
      23556.350      59      42       44.51513
      23142.131      59      43       36.10427
      22142.131      59      44       25.61385
      21142.131      59      45       42.31915
      21556.350      59      46       35.46817
      22556.350      59      47       25.61385
      22142.131      59      48       20.86037
      22556.350      59      49       25.61385
      20727.920      59      50       25.61385
      22556.350      59      51       25.61385
      21556.350      59      52       17.60760
      22556.350      59      53       25.61385
      22970.561      59      54       30.21200
      53870.070      60      14       13.52428
      52870.070      60      15       13.52428
      51870.070      60      16       19.30591
      50870.070      60      17       25.12897
      49041.641      60      18       27.84119
      48041.641      60      19       16.88200
      46213.211      60      20       13.52428
      45213.211      60      21       10.10956
      44798.988      60      22       13.49342
      45798.988      60      23       13.52428
      46213.211      60      24       36.17319
      43798.988      60      25       19.63766
      44798.988      60      26       19.63766
      42384.781      60      27       19.63766
      41384.781      60      28       21.17810
      41798.988      60      29       29.54496
      36556.352      60      30       19.63766
      35556.352      60      31       20.73036
      36556.352      60      32       32.46107
      33556.352      60      33       19.63766
      32556.350      60      34       38.73893
      31556.350      60      35       48.95240
      30556.350      60      36       23.05672
      29556.350      60      37       36.35311
      30556.350      60      38       23.05672
      28142.131      60      39       23.05672
      26556.350      60      40       42.13851
      26142.131      60      41       20.14692
      24556.350      60      42       23.05672
      24142.131      60      43       23.60819
      23142.131      60      44       25.61385
      22142.131      60      45       25.79162
      22556.350      60      46       42.31117
      22970.561      60      47       25.61385
      23142.131      60      48       29.63455
      23556.350      60      49       20.72930
      24556.350      60      50       19.82221
      23556.350      60      51       25.61385
      22556.350      60      52       19.57861
      22970.561      60      53       33.85889
      23970.561      60      54       30.21200
      52455.852      61      15       27.57534
      51455.852      61      16       15.22056
      50455.852      61      17       15.70984
      49455.852      61      18       18.11266
      47627.422      61      19       16.50592
      46627.422      61      20       16.40382
      46213.211      61      21       10.10105
      46627.422      61      22       18.59034
      47627.422      61      23       14.43768
      48627.422      61      24       20.00391
      46213.211      61      25       18.63035
      44384.781      61      26       18.63035
      43384.781      61      27       29.25426
      42384.781      61      28       26.16370
      43384.781      61      29       18.63035
      37556.352      61      30       18.63035
      36556.352      61      31       18.10327
      37556.352      61      32       36.42177
      38556.352      61      33       18.63035
      33556.352      61      34       20.56072
      32556.350      61      35       20.56072
      30970.561      61      36       20.56072
      30556.350      61      37       32.73346
      30970.561      61      38       20.56072
      31970.561      61      39       20.56072
      27556.350      61      40       30.84234
      27142.131      61      41       20.56072
      27556.350      61      42       20.56072
      25142.131      61      43       25.89170
      24142.131      61      44       21.50653
      23142.131      61      45       25.14964
      23556.350      61      46       21.50653
      23970.561      61      47       21.50653
      24142.131      61      48       21.50653
      24556.350      61      49       21.50653
      24970.561      61      50       21.50653
      24556.350      61      51       21.50653
      23556.350      61      52       12.62937
      24556.350      61      53       21.50653
      52455.852      62      16       14.43768
      50870.070      62      17       11.96890
      50455.852      62      18       14.02037
      48041.641      62      19       14.43768
      47627.422      62      20       14.55363
      48041.641      62      21       18.56908
      47627.422      62      22       14.37280
      48041.641      62      23       19.82949
      49041.641      62      24       20.37612
      47213.211      62      25       18.63035
      44798.988      62      26       26.10881
      43798.988      62      27       17.97668
      43384.781      62      28       18.63035
      38970.559      62      29       18.63035
      37970.559      62      30       20.92773
      37556.352      62      31       17.24907
      37970.559      62      32       11.86047
      40384.781      62      33       25.71250
      41384.781      62      34       32.55620
      43213.211      62      35       20.56072
      31970.561      62      36       39.63032
      31556.350      62      37       30.41136
      31970.561      62      38       35.12507
      32970.559      62      39       33.48974
      28556.350      62      40       20.56072
      26142.131      62      43       20.56072
      24556.350      62      44       21.50653
      24142.131      62      45       21.50653
      24556.350      62      46       21.50653
      24556.350      62      52       21.50653
      24970.561      62      53       21.50653
      52870.070      63      16       18.62961
      51870.070      63      17       13.68423
      51455.852      63      18       14.43768
      49627.422      63      19       15.84472
      48627.422      63      20       16.41654
      49041.641      63      21       17.09805
      48627.422      63      22       11.80377
      49041.641      63      23       21.78253
      50041.641      63      24       18.63035
      46798.988      63      25       18.63035
      45798.988      63      26       18.34407
      44798.988      63      27       11.32281
      45798.988      63      28       18.55258
      39384.781      63      29       18.63035
      38970.559      63      30       24.32364
      38556.352      63      31       28.90687
      38970.559      63      32       14.52125
      39970.559      63      33       27.54969
      41798.988      63      34       34.79264
      42798.988      63      35       38.02137
      32970.559      63      36       20.56072
      32556.350      63      37       25.39032
      32970.559      63      38       20.56072
      33384.770      63      39       13.68590
      53284.281      64      16       14.43768
      52870.070      64      17       14.43768
      51041.641      64      18       12.51347
      50041.641      64      19       12.68064
      49627.422      64      20       14.43768
      50041.641      64      21       13.37198
      50455.852      64      22       16.14179
      50041.641      64      23       16.33608
      48213.211      64      24       18.63035
      47213.211      64      25       24.49631
      46213.211      64      26        9.62205
      45798.988      64      27       18.63035
      46213.211      64      28       12.69847
      47213.211      64      29       18.63035
      39970.559      64      30       18.63035
      40970.559      64      31       18.63035
      39970.559      64      32       18.63992
      40384.781      64      33       16.19521
      41384.781      64      34       20.56072
      43213.211      64      35       20.56072
      44213.211      64      36       30.53563
      33556.352      64      37       20.56072
      33970.559      64      38       20.56072
      51455.852      65      18       14.43768
      51041.641      65      19       14.43768
      51455.852      65      20       14.43768
      51870.070      65      21       14.43768
      51455.852      65      22       14.43768
      51870.070      65      23       14.43768
      48627.422      65      24       19.80243
      47627.422      65      25        8.47797
      47213.211      65      26       17.80951
      47627.422      65      27       18.63035
      47213.211      65      28       18.63035
      47627.422      65      29       18.27312
      42384.781      65      30       18.63035
      41384.781      65      31       21.22476
      40970.559      65      32       20.07432
      41384.781      65      33        7.84618
      41798.988      65      34       19.52998
      42798.988      65      35       27.07255
      43798.988      65      36       25.62287
      44798.988      65      37       20.56072
      50627.422      66      23       19.76517
      49627.422      66      24       13.86765
      48627.422      66      25       10.80991
      49627.422      66      26       19.71452
      50627.422      66      27       18.77183
      48213.211      66      28       18.63035
      48627.422      66      29       18.97171
      43384.781      66      30       21.92102
      42384.781      66      31       21.65223
      42798.988      66      32       23.70432
      43798.988      66      33       18.63035
      42798.988      66      34       19.84552
      43213.211      66      35       23.85148
      44213.211      66      36       20.56072
      51041.641      67      23       14.43768
      50041.641      67      24       17.52096
      49627.422      67      25       17.52421
      50041.641      67      26       11.79573
      51041.641      67      27       18.63035
      52041.641      67      28       18.63035
      49627.422      67      29       25.81182
      43798.988      67      30       19.84537
      43384.781      67      31       18.63035
      43798.988      67      32       18.70500
      44213.211      67      33       24.20609
      43798.988      67      34       19.65649
      44213.211      67      35       26.41111
      44627.422      67      36       20.56072
      51041.641      68      24       16.52094
      51455.852      68      25       18.63035
      51041.641      68      26       16.40720
      51455.852      68      27       14.13816
      52455.852      68      28       18.63035
      54284.281      68      29       18.63035
      44798.988      68      30       23.09682
      44384.781      68      31       18.63035
      44798.988      68      32       18.63035
      45213.211      68      33       25.01124
      44798.988      68      34       20.56072
      45213.211      68      35       20.56072
      52455.852      69      27       10.27254
      52870.070      69      28        8.31038
      53870.070      69      29       18.63035
      46627.422      69      32       18.63035
      46213.211      69      33       18.63035
      46627.422      69      34       20.56072
