           7
    3     2384.77    0.182604    141.43   0.01000     20.29
          78          47          78          48          79          48
   28     5000.00    0.192359    142.86   0.01000     20.57
          75          53          75          54          76          51          76          52          76          53          77          50          77          51          77          52          78          49          78          50          78          51          78          52          78          53          79          49          79          50          79          51          79          52          79          53          79          54          79          55          80          49          80          50          80          51          80          52          80          53          80          54          80          55          81          54
   44     5000.00    0.191242    144.29   0.01000     20.86
          75          55          75          56          75          57          76          54          76          55          76          56          77          53          77          54          77          55          77          56          78          54          78          55          78          56          79          56          79          57          79          63          79          65          80          56          80          57          80          58          80          62          80          63          80          64          80          65          81          57          81          58          81          59          81          60          81          61          81          62          81          63          81          64          82          57          82          58          82          59          82          60          82          61          82          62          82          63          83          58          83          59          83          60          83          61          83          62
   47     5000.00    0.215667    145.71   0.01000     21.14
          72          61          73          60          74          59          74          60          74          61          75          58          75          59          75          60          75          66          76          57          76          58          76          59          76          60          76          61          76          64          76          65          76          66          77          57          77          58          77          59          77          60          77          61          77          62          77          63          77          64          77          65          77          66          78          57          78          58          78          59          78          60          78          61          78          62          78          63          78          64          78          65          78          66          79          58          79          59          79          60          79          61          79          62          79          64          79          66          80          59          80          60          80          61
   34     5000.00    0.210547    147.14   0.01000     21.43
          70          61          70          62          71          61          71          62          71          63          71          67          71          68          72          62          72          63          72          67          72          68          73          61          73          62          73          63          73          64          73          65          73          66          73          67          73          68          74          62          74          63          74          64          74          65          74          66          74          67          74          68          75          61          75          62          75          63          75          64          75          65          75          67          76          62          76          63
   28     5000.00    0.218894    148.57   0.01000     21.71
          66          64          66          68          67          64          67          65          67          67          67          68          68          64          68          65          68          66          68          67          68          68          69          63          69          64          69          65          69          66          69          67          69          68          70          63          70          64          70          65          70          66          70          67          71          64          71          65          71          66          72          64          72          65          72          66
   15     5000.00    0.261209    150.00   0.01000     22.00
          63          66          63          67          63          68          64          65          64          66          64          67          64          68          65          65          65          66          65          67          65          68          66          65          66          66          66          67          67          66
