          0.000      38      69       27.75518
       1000.000      38      70       22.68331
       2000.000      38      71       22.54726
       3000.000      38      72       22.54726
       4828.427      38      73       39.83566
       1414.214      39      70       10.95334
       2414.214      39      71       21.16528
       3414.214      39      72        2.12132
       5242.641      39      73       22.54726
       6242.641      39      74       27.28374
       8656.854      39      75       19.79978
       9656.854      39      76       17.59751
      13485.280      39      77       21.88639
      13071.070      39      78       27.28374
       3414.214      40      71       22.54726
       3828.427      40      72       23.29538
       4828.427      40      73       22.54726
       7242.641      40      74       56.10245
       8242.641      40      75       27.28374
       8656.854      40      76       27.28374
      11656.850      40      77       27.28374
      12071.070      40      78       27.28374
      12485.280      40      79       27.28374
       5242.641      41      71       28.16077
       4828.427      41      72       66.64568
       5242.641      41      73        2.70674
       6242.641      41      74       18.42735
       7242.641      41      75       38.29342
       9656.854      41      76       25.15304
      10656.850      41      77       49.71032
      11071.070      41      78       48.02890
      12071.070      41      79       42.07826
      13899.500      41      80       29.37596
       6656.854      42      72       28.16077
       6242.641      42      73       38.03477
       6656.854      42      74       22.76015
       7656.854      42      75       12.05484
       8656.854      42      76       22.26363
       9656.854      42      77       26.28577
      10656.850      42      78       47.02393
      12485.280      42      79       45.71828
      13485.280      42      80       13.96768
      14485.280      42      81       25.15304
       7656.854      43      72       41.35999
       8071.067      43      73       31.57016
       7656.854      43      74       34.99189
       8656.854      43      75       25.04707
       9656.854      43      76       46.93259
      10071.070      43      77        7.89094
      11071.070      43      78       23.99853
      12071.070      43      79       34.33402
      13071.070      43      80       26.59605
      14071.070      43      81       25.05629
       9485.281      44      72       28.16077
       9071.067      44      73       12.69777
      10071.070      44      74       23.32662
       9656.854      44      75       32.42870
      11485.280      44      76       14.33467
      11071.070      44      77       16.19580
      11485.280      44      78       14.55240
      12485.280      44      79       25.15304
      14313.710      44      80       20.08315
      14485.280      44      81       19.17436
      10071.070      45      73       28.16077
      11071.070      45      74       22.35900
      10656.850      45      75       27.81806
      12485.280      45      76       24.45028
      12071.070      45      77       25.15304
      12485.280      45      78        9.17781
      12899.500      45      79       12.64313
      13899.500      45      80       25.15304
      16313.710      45      81       25.15304
      12485.280      46      73       34.58212
      12071.070      46      74       16.15164
      13899.500      46      75       28.06027
      13485.280      46      76       27.07138
      13899.500      46      77       26.44569
      13485.280      46      78       25.15304
      13899.500      46      79       25.42609
      14899.500      46      80       37.17748
      15899.500      46      81       24.00273
      16899.500      46      82       25.15304
      14899.500      47      75       19.50230
      14485.280      47      76       28.20153
      14899.500      47      77       36.50429
      15313.710      47      78       24.70743
      14899.500      47      79       19.98828
      15313.710      47      80       13.41763
      16313.710      47      81       30.04303
      17313.711      47      82       25.15304
      15485.280      48      76       16.81617
      16727.920      48      77       25.15304
      16313.710      48      78       22.82566
      17313.711      48      79       25.15304
      16313.710      48      80       28.34357
      17313.711      48      81       25.15304
      18313.711      48      82       25.15304
      16485.279      49      76       11.75266
      17727.920      49      77       25.15304
      18727.920      49      78       14.31192
      17727.920      49      79       19.69110
      17313.711      49      80       14.59666
      17727.920      49      81       27.79321
      18727.920      49      82       25.15304
      20142.131      50      77       14.44217
      19727.920      50      78       17.16920
      18727.920      50      79       15.20994
      18313.711      50      80       18.35610
      18727.920      50      81       19.90306
      21142.131      51      77       28.22341
      20142.131      51      78        8.87159
      20313.711      51      79       14.24141
      19313.711      51      80       24.44998
      19727.920      51      81       28.22341
      22727.920      52      77       28.22341
      21727.920      52      78       15.71970
      20727.920      52      79       18.36804
      20313.711      52      80       14.88004
      20727.920      52      81       28.22341
      23142.131      53      77       28.22341
      22727.920      53      78       28.22341
      21727.920      53      79       11.41018
      21313.711      53      80       28.22341
