           5
   13     3142.13    0.205595    142.00   0.01000     20.40
          50          77          51          77          51          78          51          79          52          77          52          78          52          79          52          80          52          81          53          77          53          78          53          79          53          80
   27     5000.00    0.221478    144.00   0.01000     20.80
          45          81          46          81          46          82          47          78          47          80          47          81          47          82          48          76          48          77          48          78          48          79          48          80          48          81          48          82          49          76          49          77          49          78          49          79          49          80          49          81          49          82          50          78          50          79          50          80          50          81          51          80          51          81
   45     5000.00    0.262656    146.00   0.01000     21.20
          39          77          39          78          40          77          40          78          40          79          41          77          41          78          41          79          41          80          42          78          42          79          42          80          42          81          43          77          43          78          43          79          43          80          43          81          44          74          44          76          44          77          44          78          44          79          44          80          44          81          45          73          45          74          45          75          45          76          45          77          45          78          45          79          45          80          46          73          46          74          46          75          46          76          46          77          46          78          46          79          46          80          47          75          47          76          47          77          47          79
   26     5000.00    0.274380    148.00   0.01000     21.60
          39          73          39          74          39          75          39          76          40          74          40          75          40          76          41          71          41          73          41          74          41          75          41          76          42          72          42          73          42          74          42          75          42          76          42          77          43          72          43          73          43          74          43          75          43          76          44          72          44          73          44          75
   12     5000.00    0.253870    150.00   0.01000     22.00
          38          69          38          70          38          71          38          72          38          73          39          70          39          71          39          72          40          71          40          72          40          73          41          72
