      12485.280      58      55       30.21200
      11485.280      58      56       27.22834
      11071.070      58      57       27.45126
      10656.850      58      58       30.21200
      12071.070      59      55       27.97823
      11071.070      59      56       30.21200
      10071.070      59      57       23.46985
       9656.854      59      58       21.77417
       9242.641      59      59       30.21200
      11656.850      60      55       19.21004
      10656.850      60      56       18.88884
       9656.854      60      57       30.21200
       8656.854      60      58       19.59405
       8242.641      60      59       18.05778
       7828.427      60      60       30.21200
       3828.427      60      62       30.21200
      13071.070      61      54       22.35729
      11242.640      61      55       22.35729
      10242.640      61      56       17.93480
       9242.641      61      57       20.08243
       8242.641      61      58       22.35729
       7242.641      61      59       21.40828
       6828.427      61      60       21.41846
       5828.427      61      61       22.35729
       2828.427      61      62       35.87669
       2414.214      61      63       30.04977
      32384.770      62      41        8.90031
      31970.561      62      42       20.56072
      23556.350      62      47       21.50653
      23142.131      62      48       21.50653
      22727.920      62      49       21.50653
      21727.920      62      50       28.23360
      21313.711      62      51       33.93646
      12656.850      62      54       22.35729
      11656.850      62      55       25.82812
      10656.850      62      56       14.47058
       8828.428      62      57       19.81051
       7828.427      62      58       18.76668
       6828.427      62      59       23.50827
       5828.427      62      60       24.18137
       4828.427      62      61       20.86766
       4414.214      62      62       39.72026
       1414.214      62      63       27.80717
       1000.000      62      64       14.13885
      32970.559      63      40       20.56072
      31384.770      63      41       13.20261
      30970.561      63      42       17.71169
      31384.770      63      43       20.56072
      30384.770      63      44       21.50653
      30798.990      63      45       18.00174
      31798.990      63      46       21.50653
      22556.350      63      47       17.33619
      22142.131      63      48       14.70225
      21727.920      63      49       17.72151
      20727.920      63      50       21.50653
      20313.711      63      51       23.29755
      20727.920      63      52       21.50653
      18313.711      63      53       21.50653
      13071.070      63      54       22.10387
      12071.070      63      55       22.35729
      11071.070      63      56       22.35729
      10071.070      63      57       35.88506
       9656.854      63      58       22.35729
       6656.854      63      59       27.11377
       4828.427      63      60       22.35729
       3828.427      63      61       30.64359
       3414.214      63      62       25.56827
       1000.000      63      63       20.10550
          0.000      63      64        8.83562
       1000.000      63      65       22.48912
      32384.770      64      39       22.39796
      31970.561      64      40       14.84082
      30384.770      64      41       20.56072
      29970.561      64      42       17.27315
      30384.770      64      43       28.53999
      29384.770      64      44       16.63737
      28970.561      64      45       16.98679
      29384.770      64      46       15.27895
      22142.131      64      47       21.98727
      21142.131      64      48       21.64459
      20727.920      64      49       14.42012
      19727.920      64      50       21.50653
      19313.711      64      51       20.32194
      19727.920      64      52       21.50653
      18485.279      64      53       21.50653
      16899.490      64      54        9.44079
      16485.279      64      55       22.94434
      10656.850      64      56       22.35729
       9656.854      64      57       34.19558
       8656.854      64      58       26.35837
       8242.641      64      59       23.04479
       5242.641      64      60       23.98375
       3414.214      64      61       30.57539
       2414.214      64      62       23.50803
       1414.214      64      63       16.58598
       1000.000      64      64       19.21182
      34384.770      65      38       20.56072
      31970.561      65      39       20.56072
      30970.561      65      40       31.81107
      29384.770      65      41       20.56072
      28970.561      65      42       31.14487
      27970.561      65      43       20.56072
      27556.350      65      44       24.59961
      27970.561      65      45       23.21463
      28970.561      65      46       21.50653
      22556.350      65      47       21.50653
      20727.920      65      48       36.69971
      19727.920      65      49       23.94195
      18727.920      65      50        9.77728
      18313.711      65      51       22.22317
      17899.500      65      52       21.50653
      17485.279      65      53       40.79673
      17899.490      65      54       32.75813
      15485.280      65      55       18.45383
      12485.280      65      56       22.35729
       9242.641      65      57       22.35729
       8242.641      65      58       23.37936
       7242.641      65      59       21.90318
       4828.427      65      60       25.91676
       3828.427      65      61       17.16352
       3414.214      65      62       49.00955
       2414.214      65      63       22.35729
       2000.000      65      64       35.65887
      33798.988      66      37       22.68896
      33384.770      66      38       23.55935
      30970.561      66      39        5.22989
      29970.561      66      40       10.48719
      28970.561      66      41        7.43091
      27970.561      66      42       11.37803
      26970.561      66      43       28.27386
      26556.350      66      44       38.85257
      26142.131      66      45       30.46874
      26556.350      66      46       33.95770
      25556.350      66      47       21.50653
      21142.131      66      48       21.50653
      20727.920      66      49       21.50653
      18313.711      66      50       14.39445
      17313.711      66      51       24.39579
      16899.500      66      52       21.50653
      16485.279      66      53       41.27985
      15485.280      66      54       22.35729
      14485.280      66      55       29.89377
      14071.070      66      56       22.35729
      11071.070      66      57       31.01689
       8656.854      66      58       27.28529
       6828.427      66      59       22.32205
       5828.427      66      60       19.43849
       4828.427      66      61       14.66571
       5828.427      66      62       47.85571
       6828.427      66      63       22.35729
      33384.770      67      37       20.56072
      32384.770      67      38        8.80023
      33384.770      67      39        4.49978
      30970.561      67      40       20.56072
      29970.561      67      41       20.56072
      28970.561      67      42       11.19225
      27970.561      67      43       26.04124
      25556.350      67      44       19.53453
      25142.131      67      45       35.80214
      24142.131      67      46       21.50653
      23142.131      67      47       40.61949
      22727.920      67      48       53.74128
      20313.711      67      49       52.66384
      19313.711      67      50       41.81025
      18313.711      67      51       25.68291
      15899.500      67      52       26.44884
      15485.280      67      53       31.61803
      14485.280      67      54       26.38372
      13485.280      67      55       27.90381
      13071.070      67      56       30.82895
      10071.070      67      57       22.35729
       9656.854      67      58       32.28399
       7242.641      67      59       22.03100
       6242.641      67      60       17.50554
       5828.427      67      61       25.73091
       6242.641      67      62       23.01830
       7242.641      67      63       22.35729
      34798.988      68      36       20.56072
      33798.988      68      37       20.38119
      33384.770      68      38       24.77965
      34384.770      68      39       39.95779
      34798.988      68      40       20.56072
      30384.770      68      41       20.37916
      29384.770      68      42       12.67866
      26970.561      68      43       20.56072
      25142.131      68      44       21.50653
      24142.131      68      45       19.62963
      23142.131      68      46        5.25649
      22142.131      68      47       22.81443
      21727.920      68      48       21.50653
      19313.711      68      49       39.35984
      18313.711      68      50       22.45037
      17313.711      68      51        9.07185
      15485.280      68      52       11.92773
      14485.280      68      53       14.48336
      13485.280      68      54        5.68638
      12485.280      68      55       21.84846
      12071.070      68      56       18.09106
       9656.854      68      57       16.24731
       8656.854      68      58       21.04647
       7656.854      68      59       20.16284
       7242.641      68      60       34.69945
       6828.427      68      61       22.35729
       7242.641      68      62       19.33145
       8242.641      68      63       22.35729
      36798.988      69      35       19.45508
      35798.988      69      36       19.46569
      34798.988      69      37       18.72766
      34384.770      69      38       20.56072
      34798.988      69      39       41.06342
      31798.990      69      40       20.56072
      31384.770      69      41       20.56072
      28384.770      69      42       20.56072
      26556.350      69      43       20.56072
      25556.350      69      44       16.66801
      25142.131      69      45       26.97706
      24142.131      69      46       25.52351
      21727.920      69      47       12.31480
      20727.920      69      48        3.56980
      19727.920      69      49        8.62266
      19313.711      69      50       12.40590
      18313.711      69      51       21.50653
      15899.500      69      52       15.86092
      15485.280      69      53       19.00898
      14485.280      69      54       14.05291
      12071.070      69      55        3.35919
      11071.070      69      56        9.11422
      10071.070      69      57       13.12357
       9071.067      69      58       31.10383
       8656.854      69      59       27.13358
       9071.067      69      60       26.93138
       8656.854      69      61       22.35729
       8242.641      69      62       22.35729
      38213.199      70      34       20.56072
      37213.199      70      35        7.98302
      36213.199      70      36       12.78045
      35798.988      70      37       14.95636
      36213.199      70      38        7.82624
      37213.199      70      39       20.56072
      30798.990      70      40       20.56072
      29798.990      70      41       20.83492
      27970.561      70      42       23.25212
      26970.561      70      43       15.37451
      26556.350      70      44       21.50653
      25556.350      70      45        8.93814
      23142.131      70      46       22.03492
      22727.920      70      47       21.50653
      21727.920      70      48       14.77791
      20727.920      70      49       21.50653
      19727.920      70      50       21.50653
      17313.711      70      51       15.75600
      16899.500      70      52       12.62191
      15899.500      70      53       15.27180
      15485.280      70      54       22.17684
      13071.070      70      55       22.35729
      12071.070      70      56       22.64461
      11071.070      70      57       35.00841
      11485.280      70      58       14.20845
      12485.280      70      59       32.05815
      10071.070      70      60       32.46568
      37627.422      71      35        6.42902
      37213.199      71      36       14.86186
      36798.988      71      37       11.03396
      37213.199      71      38       12.21709
      38213.199      71      39       14.86186
      30384.770      71      40       22.64799
      29384.770      71      41       19.05458
      28384.770      71      42       15.39243
      27970.561      71      43       14.86186
      25556.350      71      44       21.33255
      24556.350      71      45       11.44548
      24142.131      71      46       21.33255
      21727.920      71      47       21.33255
      20727.920      71      48       23.70943
      19727.920      71      49       19.18569
      18727.920      71      50       20.68619
      19727.920      71      51       23.81616
      17899.500      71      52       21.33255
      16899.500      71      53       16.97558
      16485.279      71      54       21.08482
      13485.280      71      55       21.06728
      13071.070      71      56       29.21867
      12899.500      71      57       27.70863
      12485.280      71      58       19.34207
      13485.280      71      59       28.25818
      13899.500      71      60       21.06728
      38213.199      72      36       14.86186
      37798.988      72      37        8.05795
      38213.199      72      38       10.99950
      31798.990      72      39       14.86186
      30798.990      72      40       15.86108
      29798.990      72      41       19.96446
      29384.770      72      42       14.86186
      29798.990      72      43       29.14672
      25970.561      72      44       22.50121
      25556.350      72      45       17.36792
      26556.350      72      46       21.33255
      22142.131      72      47       21.33255
      21142.131      72      48       21.33255
      20142.131      72      49       11.75540
      19727.920      72      50       21.33255
      20727.920      72      51       31.21977
      18313.711      72      52       21.33255
      17899.500      72      53       26.56465
      18313.711      72      54       29.09542
      14485.280      72      55       21.06728
      14313.710      72      56       31.09166
      13899.500      72      57       26.85976
      13485.280      72      58       24.23993
      14485.280      72      59       37.20425
      14899.500      72      60       24.26874
      38798.988      73      37        4.26034
      39213.199      73      38       14.86186
      32213.199      73      39       14.86186
      31798.990      73      40       14.86186
      30798.990      73      41       14.86186
      28970.561      73      42        9.06848
      27970.561      73      43       14.18923
      26970.561      73      44       25.39097
      26556.350      73      45       31.77696
      26970.561      73      46       21.33255
      22556.350      73      47       37.64789
      21556.350      73      48       31.78290
      21142.131      73      49       18.22025
      20727.920      73      50       21.33255
      21727.920      73      51       35.61504
      19313.711      73      52       21.33255
      18899.500      73      53       32.20449
      19313.711      73      54       30.80447
      15727.920      73      55       21.06728
      15313.710      73      56       26.44089
      14899.500      73      57       28.14742
      14485.280      73      58       27.35671
      14899.500      73      59       21.06728
      28384.770      74      43       14.86186
      27970.561      74      44       17.14070
      28384.770      74      45       22.41729
      24556.350      74      46       21.33255
      23556.350      74      47       15.26843
      22556.350      74      48       17.95257
      22142.131      74      49       24.74059
      23142.131      74      50       26.41082
      22727.920      74      51       21.33255
      20313.711      74      52       22.94804
      19899.500      74      53       19.17282
      20313.711      74      54       21.06728
      20727.920      74      55       21.06728
      16899.500      74      56       21.06728
      15899.500      74      57       32.28951
      15485.280      74      58       21.06728
      26798.990      75      45       21.33255
      24970.561      75      46       21.33255
      23970.561      75      47       16.08719
      23556.350      75      48       21.33255
      23142.131      75      49       25.96595
      23556.350      75      50       30.20300
      24556.350      75      51       21.33255
      21313.711      75      52       21.33255
      25384.770      76      46       26.75985
      24970.561      76      47       21.70259
      25384.770      76      48       16.57181
      24142.131      76      49       15.67089
      24556.350      76      50       21.33255
      25970.561      77      47       21.33255
      26384.770      77      48       21.33255
      25142.131      77      49       21.33255
