           5
   26     3313.71    0.175323    154.00   0.01000     22.60
          36          39          37          38          37          39          37          40          37          41          38          37          38          38          39          37          39          38          40          37          40          38          41          36          41          37          41          38          41          39          42          37          42          38          43          37          43          38          43          39          44          37          44          38          44          39          45          37          45          38          46          38
   51     5000.00    0.189502    158.00   0.01000     23.20
          38          39          38          40          38          41          38          42          38          43          38          44          39          39          39          40          39          41          39          42          39          43          39          44          39          45          40          39          40          40          40          41          40          42          40          43          41          40          41          41          41          42          42          39          42          40          42          41          42          42          42          43          43          40          43          41          43          42          44          40          44          41          44          42          44          43          45          39          45          40          45          41          45          42          45          43          45          44          46          39          46          40          46          41          46          42          46          43          47          40          47          41          47          42          47          43          47          44          47          45          47          46
   62     5000.00    0.246539    162.00   0.01000     23.80
          34          50          34          51          34          52          35          49          35          50          35          51          35          52          36          48          36          49          36          50          36          51          36          52          36          53          37          46          37          47          37          48          37          49          38          45          38          46          38          47          38          48          38          49          39          46          39          47          39          48          39          49          40          44          40          45          40          46          40          47          40          48          40          49          41          43          41          44          41          45          41          46          41          47          42          44          42          45          42          46          42          47          43          43          43          44          43          45          43          46          43          47          44          44          44          45          44          46          44          47          44          48          44          49          45          45          45          46          45          47          45          48          45          49          46          44          46          45          46          46          46          47          46          48
   35     5000.00    0.314389    166.00   0.01000     24.40
          37          50          37          51          37          52          37          53          38          50          38          51          38          52          38          53          38          54          39          50          39          51          39          52          39          53          39          54          40          50          40          51          40          52          40          54          40          55          41          48          41          49          41          50          41          51          42          48          42          49          42          50          42          51          43          48          43          49          43          50          43          51          43          52          44          50          44          51          44          52
   18     5000.00    0.254299    170.00   0.01000     25.00
          40          53          41          52          41          53          41          54          41          55          41          56          42          52          42          53          42          54          42          55          42          56          43          53          43          54          43          55          43          56          44          53          44          54          44          55
