       2000.000      61      74       29.77944
       2414.214      61      75       29.77944
       4828.427      61      76       29.77944
       5242.641      61      77       29.77944
          0.000      62      73       12.89227
       1000.000      62      74       36.42668
       3414.214      62      75       38.18755
       3828.427      62      76       52.01051
       4828.427      62      77       29.77944
       6656.854      62      78       29.77944
       7656.854      62      79       18.30860
       1000.000      63      73       26.34497
       1414.214      63      74       31.16212
       2414.214      63      75       31.99915
       3414.214      63      76       39.28082
       5242.641      63      77       46.36265
       6242.641      63      78       40.27755
       8656.854      63      79       29.77944
       9071.067      63      80       29.77944
       2000.000      64      73       22.48912
       2414.214      64      74       20.74407
       2828.427      64      75       24.37676
       3828.427      64      76       26.22838
       4828.427      64      77       29.77944
       6656.854      64      78       48.90614
       7656.854      64      79       41.95564
       8656.854      64      80       29.77944
       9656.854      64      81       29.77944
       3414.214      65      74       29.77944
       3828.427      65      75       20.58144
       4828.427      65      76       12.34479
       5242.641      65      77       30.35303
       6242.641      65      78       32.51991
       7242.641      65      79       40.72450
       8242.641      65      80       29.77944
      13727.920      65      81       29.77944
      14727.920      65      82       29.77944
       8656.854      66      74       29.77944
       7656.854      66      75       29.77944
       6656.854      66      76       22.52637
       6242.641      66      77       23.88836
       6656.854      66      78       29.77944
      10485.280      66      79       29.77944
      12313.710      66      80       32.06883
      13313.710      66      81       38.31154
      14313.710      66      82       29.77944
      16142.140      66      83       29.77944
      26798.990      66      90       17.71628
      27213.199      66      91       23.89945
      27627.410      66      92       23.89945
       8656.854      67      75       29.77944
       7656.854      67      76       39.15070
       8071.067      67      77       13.41101
       9071.067      67      78       32.02402
      10899.500      67      79       27.61948
      11899.500      67      80       27.32911
      13727.920      67      81       38.11155
      14727.920      67      82       38.00611
      17142.141      67      83       29.77944
      18142.141      67      84       23.89945
      24798.990      67      85       23.89945
      25213.199      67      86       27.63588
      24798.990      67      87       23.89945
      24384.779      67      88       23.89945
      24798.990      67      89       23.89945
      25798.990      67      90       32.03809
      26213.199      67      91       20.54583
       9071.067      68      75       29.77944
       8656.854      68      76       29.77944
       9071.067      68      77       40.50686
       9485.281      68      78        9.84037
      10485.280      68      79       42.65089
      12313.710      68      80       23.14703
      13313.710      68      81       21.70032
      15727.920      68      82       23.99481
      16142.140      68      83       39.15777
      19142.131      68      84       27.57185
      23798.990      68      85       25.67647
      23384.779      68      86       19.31349
      23798.990      68      87       21.62790
      23384.779      68      88       20.62419
      23798.990      68      89       15.85802
      24798.990      68      90       16.57065
      25798.990      68      91       23.49900
      10485.280      69      76       29.77944
      10071.070      69      77       29.77944
      10485.280      69      78       31.16784
      10899.500      69      79       15.76774
      11899.500      69      80       29.77944
      13727.920      69      81       23.01415
      14727.920      69      82       27.86940
      17727.920      69      83       38.23989
      18142.131      69      84       23.89945
      18556.350      69      85       29.78769
      22384.779      69      86       30.08279
      21970.561      69      87       18.83232
      22384.779      69      88       22.77624
      23384.779      69      89       23.89945
      25213.199      69      90       30.37268
      26213.199      69      91       23.89945
      11899.500      70      77       29.77944
      11485.280      70      78       29.77944
      11899.500      70      79        9.29259
      12313.710      70      80       16.73648
      13313.710      70      81       23.42897
      15727.920      70      82       29.77944
      16727.920      70      83       37.86520
      17142.141      70      84       23.89945
      20142.141      70      85       23.89945
      20556.350      70      86       35.06781
      20970.561      70      87       30.51170
      21970.561      70      88       38.64267
      23798.990      70      89       36.87013
      27627.410      70      90       23.89945
      27213.199      70      91       20.44473
      28213.199      70      92       23.89945
      13313.710      71      78       22.72144
      14313.710      71      79       22.72144
      13313.710      71      80       30.99029
      13727.920      71      81       20.91236
      14727.920      71      82       15.13029
      15727.920      71      83       21.08012
      16727.920      71      84       34.89830
      19142.141      71      85       26.14849
      19556.350      71      86       23.50896
      20556.350      71      87       53.69908
      22384.779      71      88       21.14567
      24798.990      71      89       21.14567
      25798.990      71      90       21.14567
      26213.199      71      91       26.81521
      27213.199      71      92       21.49036
      28213.199      71      93       21.14567
      14727.920      72      79       16.33137
      14313.710      72      80       36.82351
      14727.920      72      81       17.27444
      15727.920      72      82       29.78900
      16727.920      72      83       27.34267
      17142.141      72      84       12.47579
      18142.141      72      85       18.29051
      19142.141      72      86       21.14567
      20970.561      72      87       21.14567
      23384.779      72      88       21.14567
      23798.990      72      89       16.54289
      24798.990      72      90       15.96207
      25798.990      72      91       37.70134
      27627.410      72      92       10.56920
      28627.410      72      93       20.96255
      15313.710      73      80       20.16789
      15727.920      73      81       22.72144
      18142.131      73      82       22.72144
      17727.920      73      83       33.14102
      18142.141      73      84       25.11967
      19142.141      73      85       21.14567
      19556.350      73      86       15.74087
      20556.350      73      87       21.14567
      22384.779      73      88       21.06940
      23384.779      73      89       15.78176
      24384.779      73      90       21.14567
      26213.199      73      91       21.14567
      28627.410      73      92       21.14567
      19556.350      74      81       19.51112
      19142.131      74      82       15.89710
      19556.350      74      83       22.72144
      19142.141      74      84       28.90759
      20970.561      74      85       17.81917
      20556.350      74      86       14.19548
      20970.561      74      87       12.86475
      21970.561      74      88       22.01278
      23798.990      74      89       21.14567
      26798.990      74      90       45.01589
      27213.199      74      91       39.48475
      27627.410      74      92       21.14567
      29213.199      74      93       21.02380
      30213.199      74      94       23.79051
      20556.350      75      81       22.72144
      20970.561      75      82       17.07599
      20556.350      75      83       22.72144
      22970.561      75      84       33.12730
      21970.561      75      85       13.32336
      22384.779      75      86       21.14567
      21970.561      75      87       27.38654
      22384.779      75      88       22.26033
      23384.779      75      89       18.48387
      25798.990      75      90       33.87776
      26213.199      75      91       39.99772
      27213.199      75      92       41.73866
      28213.199      75      93       29.37845
      29213.199      75      94       31.75427
      30213.199      75      95       23.79051
      21970.561      76      82       22.45507
      24384.779      76      83       22.72144
      23970.561      76      84       21.14567
      22970.561      76      85       20.66365
      23384.779      76      86       32.73183
      23798.990      76      87       23.24815
      23384.779      76      88       30.20803
      23798.990      76      89       15.21219
      24798.990      76      90       22.40265
      25798.990      76      91       28.52154
      26798.990      76      92       13.83333
      27798.990      76      93       22.94120
      28798.990      76      94       16.19349
      27798.990      77      82       22.72144
      26798.990      77      83       22.72144
      24970.561      77      84       35.01268
      23970.561      77      85       12.37442
      24970.561      77      86       21.14567
      24798.990      77      87       21.14567
      25213.199      77      88       21.14567
      24798.990      77      89       21.13768
      25213.199      77      90       14.34332
      26213.199      77      91       25.75819
      28627.410      77      92       21.14567
      29627.410      77      93       21.14567
      29213.199      77      94       23.79051
      28384.779      78      81       22.72144
      27384.779      78      82       26.58278
      26384.779      78      83       21.74402
      25384.779      78      84        9.33183
      24970.561      78      85       21.97783
      25970.561      78      86       24.47859
      26627.410      78      87       21.14567
      28213.199      78      88       21.14567
      27213.199      78      89       21.99993
      26213.199      78      90       16.70772
      27213.199      78      91       15.49938
      28213.199      78      92       24.90686
      29213.199      78      93       18.67808
      30213.199      78      94       26.22431
      27798.990      79      82       22.72144
      27384.779      79      83       20.07060
      26384.779      79      84       15.24693
      27384.779      79      85       27.14841
      28384.779      79      86       21.14567
      31041.631      79      87       21.14567
      30041.631      79      88       27.62412
      28213.199      79      89       27.43214
      27213.199      79      90       11.88204
      28213.199      79      91        7.70898
      28627.410      79      92       19.70139
      29627.410      79      93       21.14567
      32041.631      79      94       23.79051
      31213.199      80      81       19.69640
      30798.990      80      82       11.95213
      27798.990      80      83        7.26722
      27384.779      80      84       21.78086
      27798.990      80      85       27.40123
      28798.990      80      86       21.14567
      31455.840      80      87       21.14567
      29627.410      80      88       26.49999
      28627.410      80      89       17.76778
      28213.199      80      90       11.66307
      29213.199      80      91       21.14567
      29627.410      80      92       11.70301
      30627.410      80      93       23.61419
      31627.410      80      94       23.79051
      30798.990      81      81       19.62447
      29798.990      81      82       15.48107
      28798.990      81      83       11.79483
      29798.990      81      84       17.69263
      30798.990      81      85       17.69263
      32041.631      81      86       17.69263
      31041.631      81      87       28.64476
      30041.631      81      88       17.04601
      29627.410      81      89       23.38859
      29213.199      81      90       19.46229
      30213.199      81      91       17.69263
      30627.410      81      92       17.69263
      31041.631      81      93       14.32322
      32041.631      81      94       17.37496
      31213.199      82      81       32.65616
      30798.990      82      82       20.08373
      29798.990      82      83       25.37060
      30213.199      82      84       20.64963
      31213.199      82      85       17.69263
      32455.840      82      86       17.69263
      31455.840      82      87       15.10258
      31041.631      82      88       14.64663
      30627.410      82      89       17.69263
      30213.199      82      90       17.70803
      31213.199      82      91       24.96297
      31627.410      82      92       17.69263
      32213.199      83      81       19.62447
      32627.410      83      82       20.50117
      31627.410      83      83       23.02810
      31213.199      83      84       26.20234
      33870.051      83      85       17.69263
      32870.051      83      86        9.72555
      32455.840      83      87       23.12534
      34627.410      83      88       17.69263
      33627.410      83      89       10.29666
      31213.199      83      90       20.44923
      32213.199      83      91       16.77709
      33041.629      84      82       19.62447
      32627.410      84      83       30.32970
      35284.270      84      84       17.69263
      34284.270      84      85        9.59624
      33870.051      84      86       17.69263
      34627.410      84      87       13.87868
      33627.410      84      88       11.37680
      32627.410      84      89       17.57318
      33627.410      84      90       17.69263
      32627.410      84      91       22.70289
      36698.480      85      83       19.62447
      35698.480      85      84       22.52608
      35284.270      85      85       17.43252
      36041.629      85      86       17.69263
      35041.629      85      87       10.29025
      34627.410      85      88       17.69263
      33627.410      85      89       21.50561
      34627.410      85      90       35.28146
      33627.410      85      91       17.69263
      36698.480      86      84       17.69263
      37455.840      86      85       17.75205
      36455.840      86      86       11.50400
      36041.629      86      87       14.56485
      35627.410      86      88       17.69263
      34627.410      86      89       10.99357
      35627.410      86      90       17.69263
      38870.059      87      84       17.69263
      37870.059      87      85       13.83319
      37455.840      87      86       10.44656
      37041.629      87      87       17.69263
      36041.629      87      88       19.81094
      35627.410      87      89        9.20113
      36627.410      87      90       22.24302
      38870.059      88      85       17.68515
      39870.059      88      86       17.69263
      38041.629      88      87       19.67946
      37041.629      88      88       12.14474
      36627.410      88      89       15.87560
      37041.629      88      90       27.78396
      38041.629      88      91       17.69263
      38455.840      89      87       18.36192
      38041.629      89      88       22.07680
      37627.410      89      89       15.59928
      38041.629      89      90       17.69263
