           8
   18     4213.20    0.131130    141.25   0.01000     20.25
          69          35          69          36          70          34          70          35          70          36          70          37          70          38          70          39          71          35          71          36          71          37          71          38          71          39          72          36          72          37          72          38          73          37          73          38
   41     5000.00    0.198608    142.50   0.01000     20.50
          62          41          62          42          63          40          63          41          63          42          63          43          63          44          63          45          63          46          64          39          64          40          64          41          64          43          65          38          65          39          65          40          66          37          66          38          66          39          67          37          67          38          67          39          67          40          68          36          68          37          68          38          68          39          68          40          68          41          69          37          69          38          69          39          69          40          69          41          70          40          71          40          72          39          72          40          73          39          73          40          73          41
   59     5000.00    0.205648    143.75   0.01000     20.75
          64          42          64          44          64          45          64          46          65          41          65          42          65          43          65          44          65          45          65          46          66          40          66          41          66          42          66          43          66          44          66          45          66          46          66          47          67          41          67          42          67          43          67          44          67          45          68          42          68          43          68          44          69          42          69          43          69          44          69          45          70          41          70          42          70          43          70          44          70          45          71          41          71          42          71          43          71          44          72          41          72          42          72          43          72          44          72          45          72          46          73          42          73          43          73          44          73          45          73          46          74          43          74          44          74          45          75          45          76          46          76          48          77          47          77          48          77          49
   65     5000.00    0.227304    145.00   0.01000     21.00
          62          47          62          48          62          49          62          50          62          51          63          47          63          48          63          49          63          50          63          51          63          52          64          47          64          48          64          49          65          47          65          48          66          48          66          49          67          46          67          47          67          48          67          49          68          45          68          46          68          47          68          48          69          46          69          47          69          48          70          46          70          47          70          48          70          49          71          45          71          46          71          47          71          48          72          47          72          48          72          49          72          51          73          47          73          48          73          49          73          50          73          51          74          46          74          47          74          48          74          49          74          50          74          51          74          52          74          54          74          55          75          46          75          47          75          48          75          49          75          50          75          51          75          52          76          47          76          49          76          50
   56     5000.00    0.223587    146.25   0.01000     21.25
          63          53          64          50          64          51          64          52          64          53          64          54          64          55          65          49          65          50          65          51          65          52          65          53          65          54          65          55          66          50          66          51          66          52          66          53          66          54          67          50          67          51          67          52          67          53          68          49          68          50          68          51          68          52          69          49          69          50          69          51          69          52          69          53          70          50          70          51          70          52          70          53          70          54          71          49          71          50          71          51          71          52          71          53          71          54          72          50          72          52          72          53          72          54          73          52          73          53          73          54          73          55          73          56          74          53          74          56          74          57          74          58
   57     5000.00    0.235929    147.50   0.01000     21.50
          58          55          58          56          58          57          58          58          59          55          59          56          59          57          60          55          60          56          61          54          61          55          61          56          62          54          62          55          62          56          63          54          63          55          63          56          63          57          64          56          65          56          66          55          66          56          66          57          67          54          67          55          67          56          67          57          68          53          68          54          68          55          68          56          69          54          69          55          69          56          69          57          70          55          70          56          70          57          70          58          70          59          70          60          71          55          71          56          71          57          71          58          71          59          71          60          72          55          72          56          72          57          72          58          72          59          72          60          73          57          73          58          73          59
   47     5000.00    0.241897    148.75   0.01000     21.75
          59          58          59          59          60          57          60          58          60          59          60          60          61          57          61          58          61          59          61          60          61          61          62          57          62          58          62          59          62          60          63          58          63          59          64          57          64          58          64          59          64          60          65          57          65          58          65          59          66          58          66          59          66          60          66          62          66          63          67          58          67          59          67          60          67          61          67          62          67          63          68          57          68          58          68          59          68          60          68          61          68          62          68          63          69          58          69          59          69          60          69          61          69          62
   23     5000.00    0.253619    150.00   0.01000     22.00
          60          62          61          62          61          63          62          61          62          62          62          63          62          64          63          60          63          61          63          62          63          63          63          64          63          65          64          61          64          62          64          63          64          64          65          60          65          61          65          62          65          63          65          64          66          61
