          12
   15     2526.92    0.142553    140.83   0.01000     20.17
          97          95          97          96          98          96          98          97          99          96          99          97          99          98         100          96         100          97         101          91         101          92         101          93         101          94         101          95         101          96
   52     5000.00    0.114844    141.67   0.01000     20.33
          94          91          94          92          95          85          95          91          95          92          95          93          96          92          96          93          96          94          97          91          97          92          97          93          97          94          98          86          98          88          98          89          98          90          98          91          98          92          98          93          98          94          98          95          99          87          99          88          99          89          99          90          99          91          99          92          99          93          99          94          99          95         100          86         100          87         100          88         100          89         100          90         100          91         100          92         100          93         100          94         100          95         101          87         101          88         101          89         101          90         102          86         102          87         102          88         102          89         102          90         103          86         103          87
   59     5000.00    0.114778    142.50   0.01000     20.50
          90          87          90          88          90          89          91          88          91          89          92          89          93          88          93          89          93          90          94          85          94          86          94          87          94          88          94          89          94          90          95          86          95          87          95          88          95          89          95          90          96          83          96          84          96          85          96          86          96          87          96          88          96          89          96          90          96          91          97          78          97          84          97          85          97          86          97          87          97          88          97          89          97          90          98          78          98          84          98          85          98          87          99          79          99          80          99          81          99          82          99          83          99          84          99          85          99          86         100          82         100          83         100          84         100          85         101          83         101          84         101          85         101          86         102          84         102          85
   74     5000.00    0.127206    143.33   0.01000     20.67
          88          71          88          72          88          73          89          71          89          72          89          73          89          74          89          84          89          85          89          86          90          71          90          72          90          73          90          83          90          84          90          85          90          86          91          71          91          72          91          84          91          85          91          86          91          87          92          72          92          73          92          85          92          86          92          87          92          88          93          72          93          73          93          84          93          85          93          86          93          87          94          73          94          74          94          75          94          76          94          77          94          78          94          79          94          83          94          84          95          74          95          75          95          76          95          77          95          78          95          79          95          80          95          81          95          82          95          83          95          84          96          75          96          76          96          77          96          78          96          79          96          80          96          81          96          82          97          77          97          79          97          80          97          81          97          82          97          83          98          79          98          80          98          81          98          82          98          83
   57     5000.00    0.151512    144.17   0.01000     20.83
          86          81          86          82          86          83          87          74          87          75          87          82          87          83          88          74          88          75          88          76          88          77          88          83          88          84          89          75          89          76          89          82          89          83          90          74          90          75          90          76          90          77          90          81          90          82          91          73          91          74          91          75          91          76          91          77          91          78          91          80          91          81          91          82          91          83          92          74          92          75          92          76          92          77          92          78          92          79          92          80          92          81          92          82          92          83          92          84          93          74          93          75          93          76          93          77          93          78          93          79          93          80          93          81          93          82          93          83          94          80          94          81          94          82
   61     5000.00    0.201803    145.00   0.01000     21.00
          80          66          81          65          81          79          81          80          82          64          82          79          82          80          83          63          83          64          83          65          83          78          83          79          83          80          84          63          84          64          84          65          84          79          84          80          84          81          85          64          85          65          85          79          85          80          85          81          85          82          86          64          86          65          86          66          86          68          86          69          86          70          86          79          86          80          87          65          87          66          87          67          87          68          87          69          87          70          87          76          87          77          87          78          87          79          87          80          87          81          88          69          88          70          88          78          88          79          88          80          88          81          88          82          89          77          89          78          89          79          89          80          89          81          90          78          90          79          90          80          91          79
   67     5000.00    0.223196    145.83   0.01000     21.17
          79          75          79          76          80          67          80          75          80          76          80          77          81          66          81          67          81          68          81          69          81          75          81          76          81          77          81          78          82          65          82          66          82          67          82          68          82          69          82          75          82          76          82          77          82          78          83          66          83          67          83          68          83          69          83          75          83          76          83          77          84          66          84          67          84          68          84          69          84          70          84          71          84          72          84          74          84          75          84          76          84          77          84          78          85          66          85          67          85          68          85          69          85          70          85          71          85          72          85          73          85          74          85          75          85          76          85          77          85          78          86          67          86          71          86          72          86          73          86          74          86          75          86          76          86          77          86          78          87          71          87          72          87          73
   51     5000.00    0.246868    146.67   0.01000     21.33
          75          68          76          67          76          79          76          80          76          81          77          67          77          68          77          80          77          81          78          67          78          68          78          69          78          79          78          80          79          67          79          68          79          69          79          70          79          73          79          74          79          77          79          78          79          79          79          80          79          81          80          68          80          69          80          70          80          71          80          72          80          73          80          74          80          78          80          79          80          80          81          70          81          71          81          72          81          73          81          74          82          70          82          71          82          72          82          73          82          74          83          70          83          71          83          72          83          73          83          74          84          73
   60     5000.00    0.245128    147.50   0.01000     21.50
          72          70          72          78          73          69          73          70          73          76          73          77          73          78          73          79          74          69          74          70          74          71          74          76          74          77          74          78          74          79          74          80          75          69          75          70          75          71          75          72          75          74          75          75          75          76          75          77          75          78          75          79          75          80          76          68          76          69          76          70          76          71          76          72          76          73          76          74          76          75          76          76          76          77          76          78          77          69          77          70          77          71          77          72          77          73          77          74          77          75          77          76          77          77          77          78          77          79          78          70          78          71          78          72          78          73          78          74          78          75          78          76          78          77          78          78          79          71          79          72
   35     5000.00    0.217383    148.33   0.01000     21.67
          69          69          69          74          69          75          70          68          70          69          70          74          70          75          70          76          71          69          71          70          71          71          71          72          71          73          71          74          71          75          71          76          71          77          72          69          72          71          72          72          72          73          72          74          72          75          72          76          72          77          73          71          73          72          73          73          73          74          73          75          74          72          74          73          74          74          74          75          75          73
   26     5000.00    0.249926    149.17   0.01000     21.83
          65          69          65          73          66          69          66          70          66          72          66          73          67          69          67          70          67          71          67          72          67          73          67          74          68          69          68          70          68          71          68          72          68          73          68          74          69          70          69          71          69          72          69          73          70          70          70          71          70          72          70          73
   15     5000.00    0.263953    150.00   0.01000     22.00
          62          70          62          71          62          72          63          69          63          70          63          71          63          72          64          69          64          70          64          71          64          72          65          70          65          71          65          72          66          71
