          13
   13     2597.99    0.221429    151.54   0.01000     22.23
          54          80          55          83          55          85          55          86          56          82          56          83          56          84          56          85          56          86          57          83          57          84          57          85          58          85
   25     5000.00    0.196098    153.08   0.01000     22.46
          50          82          51          82          51          83          51          85          51          86          52          82          52          83          52          84          52          85          52          86          53          81          53          82          53          83          53          84          53          85          53          86          54          81          54          82          54          83          54          84          54          85          54          86          55          81          55          82          55          84
   29     5000.00    0.288526    154.62   0.01000     22.69
          38          78          38          79          38          80          39          79          39          80          40          80          43          82          45          82          46          83          46          87          47          83          47          84          47          86          47          87          48          83          48          84          48          85          48          86          48          87          49          83          49          84          49          85          49          86          49          87          50          83          50          84          50          85          50          86          51          84
   38     5000.00    0.292101    156.15   0.01000     22.92
          39          81          39          82          39          83          39          84          40          81          40          82          40          83          40          84          41          81          41          82          41          83          41          84          42          82          42          83          42          84          43          83          43          84          43          85          43          86          43          87          43          88          43          89          44          82          44          83          44          84          44          85          44          86          44          87          44          88          45          83          45          84          45          85          45          86          45          87          46          84          46          85          46          86          47          85
   60     5000.00    0.268535    157.69   0.01000     23.15
          31          88          31          89          32          87          32          88          32          89          32          90          33          86          33          87          33          88          33          89          34          86          34          87          34          88          34          89          35          85          35          86          35          87          35          88          35          89          36          85          36          86          36          87          36          88          37          85          37          86          37          87          38          85          38          86          38          87          38          88          39          85          39          86          39          87          39          88          39          89          39          90          39          91          40          85          40          86          40          87          40          88          40          89          40          90          40          91          40          92          41          85          41          86          41          87          41          88          41          89          41          90          41          91          41          92          42          85          42          86          42          87          42          88          42          89          42          90          42          91
   58     5000.00    0.249110    159.23   0.01000     23.38
          29          93          30          90          30          91          30          92          30          93          30          94          31          90          31          91          31          92          31          93          31          94          32          91          32          92          32          93          33          90          33          91          33          92          34          90          34          91          34          92          34          93          35          90          35          91          35          92          36          89          36          90          36          91          36          92          36          97          36          98          37          88          37          89          37          90          37          91          37          92          37          93          37          94          37          95          37          96          37          97          37          98          38          89          38          90          38          91          38          92          38          93          38          94          38          95          38          96          38          97          39          92          39          93          39          94          39          95          39          96          40          93          40          94          40          95
   34     5000.00    0.219945    160.77   0.01000     23.62
          28          94          29          94          29          95          30          95          31          95          31          96          32          94          32          95          33          93          33          94          33          95          33          96          33          98          33          99          34          94          34          95          34          96          34          97          34          98          34          99          34         100          35          93          35          94          35          95          35          96          35          97          35          98          35          99          35         100          36          93          36          94          36          95          36          96          36          99
   37     5000.00    0.251319    162.31   0.01000     23.85
          26          97          27          95          27          96          27          97          27          98          28          95          28          96          28          97          28          98          29          96          29          97          29          98          30          96          30          97          30          98          30          99          30         100          30         101          30         102          30         103          31          97          31          98          31          99          31         100          31         101          31         102          31         103          32          96          32          97          32          98          32          99          32         100          32         101          32         102          33          97          33         100          33         101
   43     5000.00    0.242102    163.85   0.01000     24.08
          24          98          24          99          24         100          24         101          25          98          25          99          25         100          25         101          25         102          25         106          26          98          26          99          26         100          26         101          26         102          26         103          26         104          26         105          26         106          26         107          27          99          27         100          27         101          27         102          27         103          27         104          27         105          27         106          27         107          28          99          28         100          28         101          28         102          28         103          28         104          28         105          29          99          29         100          29         101          29         102          29         103          29         104          29         105
   45     5000.00    0.215352    165.38   0.01000     24.31
          20         103          21         101          21         102          21         103          22          98          22          99          22         100          22         101          22         102          22         103          22         104          22         105          22         106          22         107          23          94          23          95          23          96          23          97          23          98          23          99          23         100          23         101          23         102          23         103          23         104          23         105          23         106          23         107          24          94          24          95          24          96          24          97          24         102          24         103          24         104          24         105          24         106          25          95          25          96          25          97          25         103          25         104          25         105          26          95          26          96
   48     5000.00    0.134007    166.92   0.01000     24.54
          16         105          17          99          17         100          17         102          17         104          17         105          18          95          18          99          18         100          18         101          18         102          18         103          18         104          18         105          19          95          19          96          19          97          19          99          19         100          19         101          19         102          19         103          19         104          19         105          19         106          20          95          20          96          20          97          20          98          20          99          20         100          20         101          20         102          20         104          20         105          20         106          21          95          21          96          21          97          21          98          21          99          21         100          21         104          21         105          21         106          22          95          22          96          22          97
   32     5000.00    0.101354    168.46   0.01000     24.77
          12         102          13         102          14          99          14         101          14         102          14         103          15          97          15          98          15          99          15         100          15         101          15         102          15         103          15         104          16          96          16          97          16          98          16          99          16         100          16         101          16         102          16         103          16         104          17          96          17          97          17          98          17         101          17         103          18          96          18          97          18          98          19          98
   18     5000.00    0.090351    170.00   0.01000     25.00
          10          98          10          99          10         100          11          97          11          98          11          99          11         100          11         101          12          98          12          99          12         100          12         101          13          98          13          99          13         100          13         101          14          98          14         100
