           8
   30     4870.06    0.171787    141.25   0.01000     20.25
          84          84          85          83          85          84          85          85          85          86          85          87          86          84          86          85          86          86          86          87          86          88          86          90          87          84          87          85          87          86          87          87          87          88          87          89          87          90          88          85          88          86          88          87          88          88          88          89          88          90          88          91          89          87          89          88          89          89          89          90
   56     5000.00    0.196371    142.50   0.01000     20.50
          74          94          75          95          78          94          79          87          79          88          79          94          80          81          80          82          80          87          80          93          80          94          81          81          81          85          81          86          81          87          81          88          81          91          81          92          81          93          81          94          82          81          82          82          82          84          82          85          82          86          82          87          82          88          82          89          82          90          82          91          82          92          83          81          83          82          83          83          83          84          83          85          83          86          83          87          83          88          83          89          83          90          83          91          84          82          84          83          84          85          84          86          84          87          84          88          84          89          84          90          84          91          85          88          85          89          85          90          85          91          86          89
   79     5000.00    0.224083    143.75   0.01000     20.75
          66          90          66          91          66          92          67          86          67          90          67          91          68          91          69          90          69          91          70          90          70          91          70          92          71          90          71          91          71          92          71          93          72          91          72          92          72          93          73          91          73          92          74          90          74          91          74          92          74          93          75          90          75          91          75          92          75          93          75          94          76          91          76          92          76          93          76          94          77          82          77          83          77          88          77          90          77          91          77          92          77          93          77          94          78          81          78          82          78          83          78          84          78          86          78          87          78          88          78          89          78          90          78          91          78          92          78          93          79          82          79          83          79          84          79          85          79          86          79          89          79          90          79          91          79          92          79          93          80          83          80          84          80          85          80          86          80          88          80          89          80          90          80          91          80          92          81          82          81          83          81          84          81          89          81          90          82          83
   59     5000.00    0.229771    145.00   0.01000     21.00
          67          85          67          87          67          88          67          89          68          85          68          86          68          87          68          88          68          89          68          90          69          86          69          87          69          88          69          89          70          85          70          86          70          87          70          88          70          89          71          87          71          88          71          89          72          87          72          88          72          89          72          90          73          87          73          88          73          89          73          90          74          85          74          86          74          87          74          88          74          89          75          81          75          82          75          83          75          84          75          85          75          86          75          87          75          88          75          89          76          82          76          83          76          84          76          85          76          86          76          87          76          88          76          89          76          90          77          84          77          85          77          86          77          87          77          89          78          85
   32     5000.00    0.256290    146.25   0.01000     21.25
          66          83          67          83          67          84          68          82          68          83          68          84          69          83          69          84          69          85          70          82          70          83          70          84          71          83          71          84          71          85          71          86          72          82          72          83          72          84          72          85          72          86          73          80          73          81          73          82          73          83          73          84          73          85          73          86          74          81          74          82          74          83          74          84
   33     5000.00    0.268831    147.50   0.01000     21.50
          65          81          65          82          66          79          66          80          66          81          66          82          67          79          67          80          67          81          67          82          68          79          68          80          68          81          69          76          69          77          69          78          69          79          69          80          69          81          69          82          70          77          70          78          70          79          70          80          70          81          71          78          71          79          71          80          71          81          71          82          72          79          72          80          72          81
   28     5000.00    0.309960    148.75   0.01000     21.75
          61          77          62          78          62          79          63          77          63          78          63          79          63          80          64          78          64          79          64          80          64          81          65          77          65          78          65          79          65          80          66          74          66          75          66          76          66          77          66          78          67          75          67          76          67          77          67          78          68          75          68          76          68          77          68          78
   20     5000.00    0.286873    150.00   0.01000     22.00
          61          74          61          75          61          76          62          73          62          74          62          75          62          76          62          77          63          73          63          74          63          75          63          76          64          73          64          74          64          75          64          76          64          77          65          74          65          75          65          76
