      12656.850      34      50       24.13268
      13071.070      34      51       24.13268
      13485.280      34      52       24.13268
      12071.070      35      49       18.58208
      11656.850      35      50       28.46928
      12071.070      35      51       27.82401
      13071.070      35      52       36.06461
      21899.490      36      39       13.87867
      12656.850      36      48       24.13268
      11656.850      36      49       24.13268
      10656.850      36      50       25.80687
      10242.640      36      51       22.42858
      10656.850      36      52       33.87061
      10242.640      36      53       24.13268
      21313.711      37      38       16.10559
      20899.490      37      39       13.83520
      20485.279      37      40       19.09104
      20071.070      37      41       19.09104
      13656.850      37      46       24.13268
      13242.640      37      47       31.34984
      12242.640      37      48       15.72576
      10656.850      37      49       24.13268
       9656.854      37      50       44.59015
       9242.641      37      51       35.51449
       8828.428      37      52       39.05260
       9242.641      37      53       24.13268
      21899.490      38      37       19.09104
      20899.490      38      38       19.09104
      19899.490      38      39       17.85489
      19485.279      38      40       24.71721
      19071.070      38      41       27.90342
      19485.279      38      42       19.73338
      18485.279      38      43       22.04963
      15242.640      38      44       24.13268
      14242.640      38      45       15.09637
      13242.640      38      46       18.61871
      12242.640      38      47       17.03252
      11242.640      38      48       18.66703
      10242.640      38      49       20.37567
       9242.641      38      50       37.16273
       8242.641      38      51       28.76255
       7828.427      38      52       20.68135
       8242.641      38      53       56.17653
       7242.641      38      54       26.01814
      21485.279      39      37       19.09104
      20485.279      39      38       27.85172
      19485.279      39      39       15.80282
      18485.279      39      40       15.66084
      18071.070      39      41       24.80831
      17071.070      39      42       44.74072
      17485.279      39      43       11.39700
      15656.850      39      44       24.13268
      15485.280      39      45       16.21550
      13656.850      39      46       16.07965
      13242.640      39      47       24.13268
      11656.850      39      48       24.13268
      10656.850      39      49       24.13268
       8828.428      39      50       24.13268
       7828.427      39      51       24.13268
       6828.427      39      52       30.64146
       5828.427      39      53       52.04052
       6242.641      39      54       26.01814
      21899.490      40      37       19.09104
      20899.490      40      38       11.42548
      19899.490      40      39       13.23639
      18071.070      40      40       17.91137
      17071.070      40      41       12.08346
      16071.070      40      42       21.13297
      15656.850      40      43       19.09104
      14656.850      40      44       48.82703
      13656.850      40      45       24.13268
      14071.070      40      46       20.47405
      11071.070      40      47       24.62866
      10656.850      40      48       42.81383
      10242.640      40      49       42.53701
       7828.427      40      50       24.13268
       6828.427      40      51       24.13268
       5828.427      40      52       21.50134
       4828.427      40      53       45.15832
       5242.641      40      54       26.01814
       6242.641      40      55       26.01814
      23313.711      41      36       19.40589
      22313.711      41      37        7.92643
      21899.490      41      38       10.74248
      20899.490      41      39       19.40589
      18485.279      41      40       19.40589
      16656.859      41      41       23.35402
      15656.850      41      42       17.23082
      14656.850      41      43       19.13644
      13656.850      41      44       26.23322
      12656.850      41      45       13.58794
      12242.640      41      46       28.12052
      11242.640      41      47       27.34921
       9656.854      41      48       43.96703
       9242.641      41      49       35.51205
       6828.427      41      50       43.50401
       5828.427      41      51       11.66511
       4828.427      41      52        4.60746
       3828.427      41      53        9.00062
       4828.427      41      54       47.06964
       2414.214      41      55       26.31373
       2000.000      41      56       26.31373
      23313.711      42      37       19.40589
      20071.070      42      38       19.40589
      19071.070      42      39        8.09435
      18071.070      42      40       19.40589
      17071.070      42      41       19.40589
      16656.859      42      42       19.40589
      15071.070      42      43       19.40589
      13242.640      42      44       28.12052
      12242.640      42      45       17.07504
      11242.640      42      46       15.68075
      10242.640      42      47       12.06586
       9242.641      42      48       22.73203
       8242.641      42      49       33.35069
       7242.641      42      50       38.45034
       6242.641      42      51       32.46484
       4414.214      42      52       14.45758
       3414.214      42      53       12.84084
       2414.214      42      54       17.08135
       1414.214      42      55       13.73139
       1000.000      42      56       34.20729
      22899.490      43      37       19.40589
      21899.490      43      38       19.40589
      21485.279      43      39       19.14466
      18485.279      43      40        9.55798
      17485.279      43      41       20.95947
      16485.279      43      42       13.36528
      14656.850      43      43       17.75462
      13656.850      43      44       23.75221
      12656.850      43      45       16.72089
      12242.640      43      46       24.28677
      10656.850      43      47       30.32206
       9656.854      43      48       30.73425
       9242.641      43      49       41.39471
       8242.641      43      50       28.12052
       7242.641      43      51       33.58626
       5414.214      43      52       28.12052
       4414.214      43      53       28.12052
       3414.214      43      54       25.30191
       1000.000      43      55       26.31373
          0.000      43      56       29.53772
      21899.490      44      37       17.66105
      21485.279      44      38       27.52219
      20485.279      44      39       17.90786
      19485.279      44      40       19.40589
      18485.279      44      41       19.40589
      16071.070      44      42       19.40589
      15071.070      44      43       13.44856
      14656.850      44      44       15.15029
      13656.850      44      45       28.12052
      12071.070      44      46       15.64691
      11656.850      44      47       33.23594
      10656.850      44      48       27.92760
      10242.640      44      49       38.45558
       9242.641      44      50       28.12052
       8242.641      44      51       29.65981
       5828.427      44      52       28.12052
       4828.427      44      53       28.12052
       4414.214      44      54       43.24724
       1414.214      44      55       26.31373
      21485.279      45      37        9.45206
      20485.279      45      38       12.00004
      19485.279      45      39       16.61478
      18485.279      45      40       15.81239
      17485.279      45      41       10.49371
      16485.279      45      42       16.51869
      16071.070      45      43       19.40589
      16485.279      45      44       14.02007
      13485.280      45      45       21.94685
      13071.070      45      46       21.01488
      12071.070      45      47       22.98923
      11656.850      45      48       23.90369
      12071.070      45      49       28.12052
      20899.490      46      38       19.40589
      19899.490      46      39       19.40589
      18899.490      46      40       21.63553
      18485.279      46      41       19.40589
      17485.279      46      42       21.75731
      17899.490      46      43       19.40589
      14899.500      46      44       28.12052
      14485.280      46      45       22.88198
      14899.500      46      46       28.12052
      13071.070      46      47       31.01937
      12656.850      46      48       26.81971
      19899.490      47      40       19.40589
      18899.490      47      41       19.40589
      18485.279      47      42       20.00449
      18899.490      47      43       19.40589
      15899.500      47      44       16.24737
      15485.280      47      45       15.53382
      16485.279      47      46       28.12052
