           5
   15     3313.71    0.207510    142.00   0.01000     20.40
          62          90          62          91          63          90          63          91          64          90          64          91          65          86          65          89          65          90          65          91          65          92          66          86          66          87          66          88          66          89
   37     5000.00    0.260108    144.00   0.01000     20.80
          58          84          59          84          59          85          59          86          60          85          60          86          60          87          61          86          61          87          61          88          62          85          62          86          62          87          62          88          62          89          63          83          63          84          63          85          63          86          63          87          63          88          63          89          64          82          64          83          64          84          64          85          64          86          64          87          64          88          64          89          65          83          65          84          65          85          65          87          65          88          66          84          66          85
   29     5000.00    0.330363    146.00   0.01000     21.20
          54          79          56          80          56          81          57          80          57          81          57          82          58          81          58          82          58          83          59          82          59          83          60          81          60          82          60          83          60          84          61          79          61          80          61          81          61          82          61          83          61          84          61          85          62          80          62          81          62          82          62          83          62          84          63          81          63          82
   34     5000.00    0.333076    148.00   0.01000     21.60
          54          76          54          77          54          78          55          75          55          76          55          77          55          78          55          79          55          80          56          75          56          76          56          77          56          78          56          79          57          76          57          77          57          78          57          79          58          77          58          78          58          79          58          80          59          76          59          77          59          78          59          79          59          80          59          81          60          76          60          77          60          78          60          79          60          80          61          78
   15     5000.00    0.245302    150.00   0.01000     22.00
          56          73          56          74          57          72          57          73          57          74          57          75          58          73          58          74          58          75          58          76          59          73          59          74          59          75          60          74          60          75
