          0.000      63      66       20.97030
       1000.000      63      67       50.87515
       2000.000      63      68       22.48912
       2000.000      64      65       22.48912
       1000.000      64      66       15.81605
       2000.000      64      67       38.80259
       3000.000      64      68       22.48912
       3000.000      65      65       22.48912
       2000.000      65      66       23.54648
       3000.000      65      67       28.31931
       4000.000      65      68       22.48912
       5000.000      66      64       22.48912
       4000.000      66      65       22.48912
       3000.000      66      66       23.82725
       4000.000      66      67       32.60507
       5000.000      66      68       32.45378
       6000.000      67      64       30.39901
       5000.000      67      65       26.48263
       4000.000      67      66       22.11645
       5000.000      67      67       32.37673
       6000.000      67      68       22.48912
       7828.427      68      64       25.04758
       6000.000      68      65       17.61391
       5000.000      68      66       21.46054
       6000.000      68      67       24.34418
       7000.000      68      68       22.48912
       9828.427      69      63       22.35729
       7414.213      69      64       22.48912
       6414.213      69      65       22.52964
       6000.000      69      66       17.35775
       7000.000      69      67       22.48912
       7414.213      69      68       22.48912
      11414.210      70      61       22.35729
      10414.210      70      62       23.61753
       9414.213      70      63       19.96715
       8414.213      70      64       22.46709
       7414.213      70      65       12.40069
       7000.000      70      66       23.46794
       7414.213      70      67       22.48912
      11828.430      71      61       21.06728
      10828.430      71      62       21.06728
      10414.210      71      63       21.06728
       9414.213      71      64       22.26105
       8414.213      71      65       14.81664
       9414.213      71      66       23.35875
      10414.210      71      67       17.13210
      11414.210      71      68       22.45927
      15071.070      72      61       21.06728
      14656.850      72      62       19.60729
      10828.430      72      63       31.46709
       9828.427      72      64       18.75112
       9414.213      72      65        8.95278
       9828.427      72      66       16.61289
      10828.430      72      67       18.51145
      11828.430      72      68       20.08017
      16485.279      73      60       21.06728
      14656.850      73      61       21.06728
      13656.850      73      62       21.06728
      13242.640      73      63       31.30859
      10828.430      73      64       12.90114
      11828.430      73      65       17.08731
      12828.430      73      66       22.45927
      11242.640      73      67       21.10472
      12242.640      73      68       20.14626
      17071.070      74      59       21.06728
      16071.070      74      60       29.88814
      15071.070      74      61       26.21635
      13242.640      74      62       23.40580
      12242.640      74      63       10.34848
      13242.640      74      64       16.93378
      14242.640      74      65       18.84689
      13242.640      74      66       25.44796
      14242.640      74      67       29.26395
      13242.640      74      68       22.45927
      25727.920      75      53       21.33255
      25313.711      75      54       21.06728
      22899.490      75      55       21.06728
      21899.490      75      56       21.06728
      20899.490      75      57       21.06728
      19899.490      75      58       21.06728
      17485.279      75      59       21.06728
      15656.850      75      60       22.46734
      14656.850      75      61       18.04459
      13656.850      75      62       10.49197
      13242.640      75      63       15.41254
      14242.640      75      64       20.18702
      14656.850      75      65       22.45927
      15656.850      75      66       31.90992
      14656.850      75      67       22.45927
      26727.920      76      51       21.33255
      25727.920      76      52       21.33255
      25313.711      76      53       21.33255
      24313.711      76      54       44.36156
      21899.490      76      55       29.53750
      20899.490      76      56       28.01485
      19899.490      76      57        9.36868
      18899.490      76      58       21.06728
      18485.279      76      59       21.06728
      16071.070      76      60       21.06728
      15071.070      76      61       19.29399
      14656.850      76      62       21.06728
      14242.640      76      63       33.45508
      15242.640      76      64       23.34160
      15656.850      76      65       30.94017
      16071.070      76      66       22.45927
      28142.131      77      50       21.33255
      27727.920      77      51       21.33255
      25313.711      77      52       35.96714
      24313.711      77      53       15.87183
      23313.711      77      54       16.15560
      22313.711      77      55        8.85180
      21899.490      77      56       21.06728
      19485.279      77      57       29.69326
      18485.279      77      58       10.84679
      17485.279      77      59       18.14263
      16485.279      77      60       14.01787
      16071.070      77      61       38.81105
      16485.279      77      62       21.06728
      16656.850      77      63       34.57764
      16242.640      77      64       27.75102
      16656.859      77      65       16.14476
      17071.070      77      66       22.58071
      32384.770      78      47       21.33255
      31970.561      78      48       17.02483
      29556.350      78      49       17.78430
      27727.920      78      50       23.40555
      26727.920      78      51       24.47032
      25727.920      78      52        9.88260
      25313.711      78      53       21.33255
      24313.711      78      54        7.65363
      23313.711      78      55       21.06728
      20899.490      78      56       21.06728
      19899.490      78      57       12.41153
      19485.279      78      58       30.57882
      18485.279      78      59       28.27140
      17485.279      78      60       19.74230
      17899.490      78      61       24.89837
      18899.490      78      62       21.06728
      17656.850      78      63       21.06728
      18071.070      78      64       21.54994
      19071.070      78      65       22.45927
      18071.070      78      66       19.65759
      30970.561      79      48       16.42383
      29142.131      79      49       13.77757
      28142.131      79      50       17.80877
      27142.131      79      51       16.23790
      26727.920      79      52       23.06198
      26313.711      79      53       21.33255
      25313.711      79      54       13.20211
      26313.711      79      55       21.06728
      21313.711      79      56       21.06728
      20899.490      79      57       19.78054
      19899.490      79      58       21.06728
      18899.490      79      59       13.61101
      18485.279      79      60       10.37582
      18899.490      79      61       15.90777
      19899.490      79      62       18.99753
      21727.920      79      63       21.06728
      19071.070      79      64       28.55196
      20071.070      79      65       22.45927
      19071.070      79      66       16.38692
      29556.350      80      49       10.03654
      28556.350      80      50        8.68367
      28142.131      80      51       26.34072
      28556.350      80      52       15.71709
      27313.711      80      53       21.33255
      26313.711      80      54       13.85627
      27313.711      80      55       21.06728
      22313.711      80      56       20.21834
      22727.920      80      57        9.40319
      20899.490      80      58       21.06728
      19899.490      80      59        6.84387
      19485.279      80      60       21.06728
      19899.490      80      61       21.06728
      20313.711      80      62       15.42362
      21313.711      80      63       21.06728
      20071.070      80      64       22.45927
      20485.279      80      65       22.45927
      27313.711      81      54       13.17723
      22313.711      81      57       13.17723
      21313.711      81      58       19.36617
      20899.490      81      59       19.96186
      21313.711      81      60       13.17723
      22313.711      81      61       10.91884
      21313.711      81      62       19.46062
      22313.711      81      63       13.17723
      23313.711      81      64       18.74805
      22727.920      82      57       24.44701
      22313.711      82      58       15.23327
      23313.711      82      59       33.04589
      23727.920      82      60       13.17723
      22727.920      82      61       16.19622
      22313.711      82      62       13.17723
      22727.920      82      63       13.17723
      23313.711      83      58       13.17723
      23727.920      83      59       13.17723
      24142.131      83      60       28.77716
      23727.920      83      61       23.39233
      24142.131      83      62       13.17723
