       1414.214      10      98        5.81265
       2414.214      10      99        4.75101
       3414.214      10     100        7.06065
          0.000      11      97       20.97202
       1000.000      11      98       10.14090
       2000.000      11      99        4.40624
       3828.427      11     100        4.57504
       4828.427      11     101       12.40512
       2000.000      12      98        9.43449
       2414.214      12      99        9.30097
       3414.214      12     100        4.67840
       4414.214      12     101        4.76257
       6242.641      12     102       12.40512
       3828.427      13      98        8.96283
       3414.214      13      99       10.42256
       3828.427      13     100        8.08000
       4828.427      13     101       12.79295
       5828.427      13     102       12.40512
       4828.427      14      98       11.66819
       5242.641      14      99       12.80229
       4828.427      14     100       12.40512
       5828.427      14     101       10.55141
       6242.641      14     102       13.65380
       7242.641      14     103       12.40512
       6242.641      15      97        6.11175
       5828.427      15      98       11.83733
       6242.641      15      99        6.13065
       7242.641      15     100        8.64959
       8242.641      15     101        8.94700
       7242.641      15     102        7.66673
       8242.641      15     103        3.39039
       9242.641      15     104        4.37777
       7656.854      16      96       10.54938
       7242.641      16      97       13.38099
       6828.427      16      98        9.69157
       7242.641      16      99       12.34244
       9656.854      16     100       10.23332
       8656.854      16     101        7.94416
       8242.641      16     102        8.87626
       8656.854      16     103        6.56843
       9656.854      16     104        3.79556
      11485.280      16     105        4.37777
       8656.854      17      96       10.18894
       8242.641      17      97       14.02932
       7828.427      17      98        8.62703
      11071.070      17      99        7.62646
      10656.850      17     100       12.40512
       9656.854      17     101        8.23226
      10071.070      17     102       12.40512
       9656.854      17     103       13.03967
      10071.070      17     104        8.29272
      11071.070      17     105        4.37777
      10071.070      18      95       12.40512
       9656.854      18      96       12.49463
       9242.641      18      97       12.40512
       8828.428      18      98       15.48325
      12071.070      18      99        9.41852
      11071.070      18     100        8.75843
      10656.850      18     101        8.42895
      11071.070      18     102       12.40512
      11485.280      18     103       12.76499
      11071.070      18     104        9.48843
      11485.280      18     105        6.37841
      11656.850      19      95       12.40512
      10656.850      19      96       16.70564
      10242.640      19      97       12.40512
       9828.428      19      98       15.11524
      12485.280      19      99       12.65726
      12071.070      19     100       11.99312
      11656.850      19     101       10.47852
      12899.500      19     102       11.49216
      12485.280      19     103       11.53479
      12071.070      19     104        4.37777
      12485.280      19     105       12.39688
      12899.500      19     106        3.49920
      12071.070      20      95       21.67613
      11656.850      20      96       15.82268
      12071.070      20      97       16.97807
      13899.500      20      98       12.40512
      13485.280      20      99       21.46446
      13071.070      20     100       14.27587
      12656.850      20     101       14.69820
      13899.500      20     102       11.59161
      15485.280      20     103        9.29957
      14485.280      20     104        7.67740
      13485.280      20     105       13.68432
      14485.280      20     106       14.95615
      13071.070      21      95       19.17173
      12656.850      21      96       18.26302
      13071.070      21      97       25.86242
      14899.500      21      98       23.58273
      14485.280      21      99       18.44079
      14071.070      21     100       14.52927
      15313.710      21     101       15.71403
      16899.500      21     102       15.21826
      15899.500      21     103       24.65182
      14899.500      21     104       17.26019
      14485.280      21     105        7.35179
      14899.500      21     106       10.31777
      14071.070      22      95       21.22746
      14485.280      22      96       27.86438
      14071.070      22      97       24.65182
      15899.500      22      98       33.87143
      15485.280      22      99       22.68063
      16727.920      22     100       21.68591
      18313.711      22     101       24.65182
      17899.500      22     102       24.65182
      16899.500      22     103       24.65182
      15899.500      22     104       11.19514
      15485.280      22     105       19.40880
      15899.500      22     106       10.06783
      16313.710      22     107       15.37525
      15485.280      23      94       47.05383
      15071.070      23      95       23.71613
      15485.280      23      96       24.94378
      15071.070      23      97       24.65182
      16899.500      23      98       27.20720
      18142.141      23      99       24.65182
      17727.920      23     100       24.65182
      19899.500      23     101       24.65182
      18899.500      23     102       14.87868
      17899.500      23     103       14.43026
      16899.500      23     104       13.93977
      16485.279      23     105       15.37525
      16899.500      23     106       11.08576
      17313.711      23     107        7.21327
      16485.279      24      94       34.95293
      16071.070      24      95       28.11047
      16485.279      24      96       35.13036
      16899.500      24      97       24.65182
      23313.711      24      98       23.67585
      22313.711      24      99       25.50147
      21313.711      24     100       18.74216
      20313.711      24     101       22.34489
      19313.711      24     102       19.22266
      18313.711      24     103       19.05451
      17899.500      24     104       18.04551
      18899.500      24     105       15.37525
      17899.500      24     106       15.37525
      17071.070      25      95       31.43237
      17485.279      25      96       24.65182
      17899.490      25      97       24.65182
      23727.920      25      98       24.65182
      22727.920      25      99       31.06670
      21727.920      25     100       24.65182
      21313.711      25     101       24.65182
      20313.711      25     102       24.65182
      19313.711      25     103       15.56623
      18899.500      25     104       23.86145
      19313.711      25     105       18.12073
      20313.711      25     106       17.70294
      18071.070      26      95       24.65182
      18485.279      26      96       24.65182
      29384.770      26      97       24.65182
      24142.131      26      98       24.65182
      24556.350      26      99       24.65182
      23556.350      26     100       37.46624
      21727.920      26     101       24.65182
      20727.920      26     102       25.82223
      20313.711      26     103       15.94631
      20727.920      26     104       19.07327
      20313.711      26     105       19.97766
      20727.920      26     106       22.07395
      21727.920      26     107       15.37525
      29798.990      27      95       15.59925
      28798.990      27      96       24.65182
      28384.770      27      97       22.24619
      25970.561      27      98       24.65182
      24970.561      27      99       24.65182
      23142.131      27     100       23.24328
      22142.131      27     101       27.02563
      21727.920      27     102       19.51021
      21313.711      27     103       32.80451
      21727.920      27     104       15.37525
      21313.711      27     105       29.47677
      21727.920      27     106       15.37525
      22727.920      27     107       15.37525
      30384.770      28      94       24.65182
      29384.770      28      95       20.88257
      28384.770      28      96       25.07751
      27384.770      28      97       19.71077
      26970.561      28      98       38.12462
      24556.350      28      99       43.15217
      23556.350      28     100       28.02277
      23142.131      28     101       28.75396
      22727.920      28     102       24.65182
      22313.711      28     103       46.03689
      22727.920      28     104       15.37525
      22313.711      28     105       28.94022
      37455.840      29      93       24.68802
      33041.629      29      94       23.62864
      32627.410      29      95       24.65182
      27970.561      29      96       24.65182
      26970.561      29      97       23.33889
      25970.561      29      98       34.47636
      24970.561      29      99       18.55248
      24556.350      29     100       17.38978
      24142.131      29     101       41.74547
      24556.350      29     102       22.84600
      23313.711      29     103       24.65182
      23727.920      29     104       15.37525
      23313.711      29     105       15.37525
      38870.051      30      90       21.24573
      37870.051      30      91       21.54692
      36870.051      30      92       20.64076
      36455.840      30      93       22.98886
      36041.629      30      94       18.92525
      31627.410      30      95       15.91252
      29798.990      30      96       24.65182
      29384.770      30      97       24.65182
      28384.770      30      98       25.69580
      25970.561      30      99       17.82427
      25556.350      30     100       22.79340
      25970.561      30     101       42.01768
      25556.350      30     102       22.24848
      26556.350      30     103       32.57116
      42698.480      31      88       15.60849
      42284.270      31      89       14.37592
      39284.270      31      90       26.05199
      37455.840      31      91       26.05199
      36455.840      31      92       26.05199
      35455.840      31      93       23.17694
      35041.629      31      94       15.93950
      31213.199      31      95       16.50631
      30213.199      31      96       10.56629
      28384.770      31      97        8.39829
      27384.770      31      98       32.77224
      28384.770      31      99       22.88387
      27384.770      31     100       29.78526
      26970.561      31     101       21.02503
      27970.561      31     102       22.88387
      26970.561      31     103       22.88387
      44112.699      32      87       26.05199
      42284.270      32      88       24.84329
      41284.270      32      89       22.41233
      40284.270      32      90       26.05199
      39870.051      32      91       24.73927
      36041.629      32      92       26.05199
      35041.629      32      93       26.05199
      34041.629      32      94       22.55603
      33627.410      32      95       22.88387
      29798.990      32      96       35.55432
      28798.990      32      97       24.29758
      28384.770      32      98       39.30058
      28798.990      32      99       22.88387
      28384.770      32     100       18.35922
      28798.990      32     101       23.77543
      28384.770      32     102       22.88387
      43526.910      33      86       26.05199
      43112.699      33      87       26.05199
      42698.480      33      88       26.05199
      40870.051      33      89       26.05199
      39870.051      33      90       27.16875
      38870.051      33      91       26.53814
      36455.840      33      92       26.05199
      34627.410      33      93       21.14584
      33627.410      33      94       18.54260
      32627.410      33      95       16.54063
      30213.199      33      96       16.25296
      29798.990      33      97       19.64952
      30213.199      33      98       15.42171
      31213.199      33      99       22.88387
      29384.770      33     100       29.14225
      29798.990      33     101       22.88387
      43112.699      34      86       26.05199
      42112.699      34      87       23.86038
      41698.480      34      88       24.50847
      42112.699      34      89       26.05199
      38870.051      34      90       26.05199
      37870.051      34      91       22.30880
      37455.840      34      92       19.85374
      35041.629      34      93       29.72134
      32627.410      34      94       32.44194
      31627.410      34      95       11.43129
      32627.410      34      96       18.37929
      33627.410      34      97       22.88387
      31213.199      34      98       18.27043
      31627.410      34      99       30.81534
      32627.410      34     100       22.88387
      43698.480      35      85       30.96447
      42698.480      35      86       26.54960
      41698.480      35      87       16.81917
      40698.480      35      88       19.07428
      40284.270      35      89       24.76956
      37870.051      35      90       26.05199
      37455.840      35      91       36.69248
      36455.840      35      92       28.24511
      34041.629      35      93       25.59398
      33041.629      35      94       23.15894
      32627.410      35      95       29.56455
      33627.410      35      96       27.28965
      34041.629      35      97       27.08004
      32213.199      35      98       22.88387
      32627.410      35      99       24.87823
      33627.410      35     100       22.88387
      44112.699      36      85       26.05199
      43112.699      36      86       20.74946
      41284.270      36      87       26.05199
      40284.270      36      88       27.03691
      39284.270      36      89       22.73057
      37455.840      36      90        9.23480
      36455.840      36      91       24.75353
      35455.840      36      92       14.84224
      34455.840      36      93       20.69203
      34041.629      36      94       29.96612
      34455.840      36      95       18.80449
      34041.629      36      96       22.88387
      35041.629      36      97       28.54979
      35455.840      36      98       21.73131
      33627.410      36      99       22.88387
      44526.910      37      85       19.51007
      44112.699      37      86       19.67546
      41698.480      37      87       26.05199
      39870.051      37      88       26.05199
      38870.051      37      89        9.47063
      37870.051      37      90       26.69428
      37455.840      37      91       26.05199
      36455.840      37      92       31.25337
      36870.051      37      93       23.10064
      35870.051      37      94       22.88387
      35455.840      37      95       28.47712
      35870.051      37      96       22.71723
      36870.051      37      97       29.85486
      36455.840      37      98       22.88387
      52769.559      38      78       27.28374
      51769.559      38      79       17.01556
      50769.559      38      80       11.92718
      44941.129      38      85       12.78912
      43112.699      38      86       26.05199
      42112.699      38      87       26.05199
      40284.270      38      88        6.60019
      39284.270      38      89       13.21097
      38870.051      38      90       51.81276
      39284.270      38      91       26.05199
      37455.840      38      92       26.05199
      37870.051      38      93       30.17127
      36870.051      38      94       22.88387
      36455.840      38      95       20.32745
      36870.051      38      96       29.94446
      37284.270      38      97       16.26730
      52769.559      39      79       27.28374
      50355.340      39      80       27.28374
      49355.340      39      81       16.59123
      48355.340      39      82       10.83712
      47941.129      39      83       32.07423
      46941.129      39      84       26.05199
      44526.910      39      85       26.05199
      43526.910      39      86       45.51240
      41698.480      39      87       48.34687
      40698.480      39      88       27.74200
      40284.270      39      89       55.16832
      40698.480      39      90       26.05199
      40284.270      39      91       26.05199
      39284.270      39      92       19.84838
      38870.051      39      93       30.65864
      37870.051      39      94       27.86400
      37455.840      39      95       28.90779
      37870.051      39      96       22.88387
      50769.559      40      80       27.28374
      48941.129      40      81       27.28374
      47941.129      40      82       11.62783
      46941.129      40      83       23.36968
      45941.129      40      84       15.35907
      44941.129      40      85       45.22893
      43112.699      40      86       10.98294
      42112.699      40      87       38.51213
      41698.480      40      88       27.99381
      42112.699      40      89       37.98647
      41698.480      40      90       26.05199
      41284.270      40      91       26.05199
      40284.270      40      92       13.35059
      39870.051      40      93       26.05199
      38870.051      40      94       33.50718
      38455.840      40      95       34.27610
      49355.340      41      81       25.15304
      48355.340      41      82       25.15304
      46526.910      41      83       36.62521
      45526.910      41      84       28.84712
      44526.910      41      85       25.69817
      43526.910      41      86       18.92602
      43112.699      41      87       52.76403
      42698.480      41      88       30.63380
      43112.699      41      89       29.41222
      43526.910      41      90       23.87056
      41698.480      41      91       30.63380
      41284.270      41      92       29.51116
      47941.129      42      82       25.15304
      46941.129      42      83       24.68839
      45941.129      42      84       30.63380
      44941.129      42      85       15.80788
      44526.910      42      86       32.31284
      44941.129      42      87       29.19766
      44526.910      42      88       30.63380
      44112.699      42      89       30.63380
      44526.910      42      90       30.63380
      44941.129      42      91       30.63380
      50355.340      43      82       25.15304
      49355.340      43      83       34.35128
      46941.129      43      84       21.68001
      45941.129      43      85       21.69571
      45526.910      43      86       30.63380
      45941.129      43      87       30.63380
      46355.340      43      88       34.02977
      47355.340      43      89       30.63380
      49941.129      44      82       25.15304
      48941.129      44      83       31.07782
      47941.129      44      84       26.42391
      46941.129      44      85       26.35516
      47941.129      44      86       63.13688
      48941.129      44      87       30.63380
      47355.340      44      88       21.81540
      50941.129      45      82       25.15304
      49941.129      45      83       25.15304
      48941.129      45      84       30.63380
      47941.129      45      85       14.98985
      48941.129      45      86       47.27592
      49941.129      45      87       30.63380
      50941.129      46      83       25.15304
      49941.129      46      84       58.30773
      48941.129      46      85       35.48028
      49941.129      46      86       50.01378
      50355.340      46      87       30.63380
      51941.129      47      83       25.15304
      50941.129      47      84       58.79865
      49941.129      47      85       29.79161
      50941.129      47      86       31.36128
      51941.129      47      87       30.63380
      52941.129      48      83       30.78250
      51941.129      48      84       57.88820
      50941.129      48      85        8.25886
      51941.129      48      86       27.35033
      52941.129      48      87       30.63380
      53355.340      49      83       25.15304
      52355.340      49      84       22.76074
      51941.129      49      85       32.54090
      52941.129      49      86       30.63380
      53941.129      49      87       30.63380
      56769.559      50      82       25.15304
      54355.340      50      83       25.15304
      53355.340      50      84       18.45380
      54355.340      50      85       50.01366
      53355.340      50      86       35.50817
      56355.340      51      82       28.22341
      55355.340      51      83       17.41822
      54355.340      51      84       20.84341
      55355.340      51      85       34.13817
      56355.340      51      86       20.23449
      56769.559      52      82       28.22341
      55769.559      52      83       16.56030
      55355.340      52      84       17.25175
      55769.559      52      85       25.35005
      56769.559      52      86       20.23449
      58183.770      53      81       28.22341
      57183.770      53      82       16.50656
      56769.559      53      83       12.64392
      56355.340      53      84       19.65075
      56769.559      53      85       20.23074
      57769.559      53      86       20.23449
      60183.770      54      80       28.22341
      59183.770      54      81        9.61789
      58183.770      54      82       15.73439
      59183.770      54      83       28.22341
      58183.770      54      84       12.05972
      57769.559      54      85       12.57988
      58183.770      54      86       20.23449
      59597.988      55      81        8.77853
      59183.770      55      82       23.71184
      60183.770      55      83       28.22341
      59183.770      55      84        9.02803
      60183.770      55      85       19.25058
      61183.770      55      86       20.23449
      60183.770      56      82       28.22341
      60597.988      56      83       28.22341
      60183.770      56      84       17.87709
      60597.988      56      85       20.23449
      61597.988      56      86       20.23449
      61597.988      57      83       28.22341
      61183.770      57      84       14.68339
      61597.988      57      85       13.99122
      62597.988      58      85       20.23449
