       9828.428      54      76       28.22341
       9414.214      54      77       28.22341
       9828.428      54      78       28.22341
      10242.640      54      79       28.22341
       7828.427      55      75       28.22341
       7414.214      55      76       28.22341
       8414.214      55      77       34.09807
       8828.428      55      78       36.44925
       9828.428      55      79       21.62674
       9656.854      55      80       28.22341
       1414.214      56      73       24.39966
       4414.214      56      74       28.22341
       6828.427      56      75       13.87556
       6414.214      56      76       24.87238
       7414.214      56      77       41.24253
       7828.427      56      78       28.22341
       8242.641      56      79       28.99918
      11242.640      56      80       28.22341
      12242.640      56      81       28.22341
          0.000      57      72       13.16861
       1000.000      57      73       24.39966
       3414.214      57      74       28.22341
       4414.214      57      75       28.22341
       5414.214      57      76       46.20411
       6414.214      57      77       38.79728
       6828.427      57      78       54.16771
       9828.428      57      79       37.51115
      10242.640      57      80       28.22341
      11242.640      57      81       25.63596
      11656.860      57      82       28.22341
       1414.214      58      73       28.15785
       2414.214      58      74       26.61550
       3414.214      58      75        5.79042
       4414.214      58      76        9.82955
       5414.214      58      77       20.66569
       6414.214      58      78       28.22341
       8828.428      58      79       54.55675
       9828.428      58      80       45.22957
      10242.640      58      81       41.94199
      11242.640      58      82       24.75505
      13071.070      58      83       30.37526
      16656.859      58      84       20.23449
       2414.214      59      73       24.39966
       3414.214      59      74       41.85124
       4414.214      59      75       28.22341
       5414.214      59      76       28.22341
       6414.214      59      77       23.01570
       6828.427      59      78        7.05600
       7828.427      59      79       31.60093
       8828.428      59      80       40.17614
       9828.428      59      81       28.22341
      11656.860      59      82       40.09886
      12656.860      59      83       28.22341
      15656.860      59      84       42.09400
      16071.070      59      85       31.36596
      17071.070      59      86       20.23449
       4414.214      60      74       28.22341
       4828.427      60      75       28.22341
       7828.427      60      76       28.22341
       7414.214      60      77       74.59097
       7828.427      60      78       28.22341
       8828.428      60      79       54.72865
       9242.641      60      80       34.53519
      10242.640      60      81       36.46739
      11242.640      60      82       20.54330
      13656.860      60      83       44.84696
      14656.860      60      84       39.75035
      15071.070      60      85       20.23449
      18071.070      60      86       44.20502
      18485.279      60      87       38.73301
       8828.428      61      78       29.77944
      10656.850      61      79       28.49019
      10242.640      61      80       29.77944
      11242.640      61      81       74.39128
      11656.860      61      82       32.83718
      12656.860      61      83       27.75975
      13656.860      61      84       12.19572
      14656.860      61      85       52.05406
      17071.070      61      86       35.92676
      17485.279      61      87       30.99738
      18485.279      61      88       23.89945
      12656.860      62      80       29.77944
      13071.070      62      81       32.30500
      12656.860      62      82       22.01529
      13656.860      62      83       31.56869
      14656.860      62      84       38.11893
      15071.070      62      85       27.38432
      16071.070      62      86       28.93797
      17071.070      62      87       23.89945
      18899.500      62      88       58.55363
      19899.500      62      89       29.41555
      20899.500      62      90        6.38094
      22727.920      62      91       10.47106
      14071.070      63      81       43.22167
      13656.860      63      82       29.77944
      16071.070      63      83       25.53674
      16485.279      63      84       23.19508
      16071.070      63      85       12.53994
      16485.279      63      86       12.28956
      17485.279      63      87       28.52581
      18485.279      63      88       19.14269
      19485.279      63      89       29.04376
      21313.711      63      90       30.48718
      22313.711      63      91       16.61555
      18899.500      64      82       29.77944
      17899.500      64      83       19.69213
      17485.279      64      84       20.81663
      17071.070      64      85       23.89945
      17485.279      64      86       23.89945
      18485.279      64      87       22.22585
      18899.500      64      88       17.13050
      19899.500      64      89       19.60911
      20899.500      64      90       22.15167
      21899.500      64      91       23.89945
      18899.500      65      83       29.77944
      18485.279      65      84       15.53689
      19485.279      65      85       23.89945
      20485.279      65      86       23.89945
      19485.279      65      87       15.09580
      19899.500      65      88       30.97942
      20899.500      65      89       19.11568
      21313.711      65      90       21.39581
      22313.711      65      91       33.28375
      23313.711      65      92       23.89945
      19485.279      66      84       19.76819
      19899.500      66      85       23.89945
      20899.500      66      86       23.89945
      20485.279      66      87        7.96727
      20899.500      66      88       23.89945
      21899.500      66      89       23.89945
