          0.000      59      70        9.93815
       1000.000      59      71       19.35942
       2000.000      59      72       24.39966
       1000.000      60      70       23.49238
       1414.214      60      71       16.71030
       2414.214      60      72       21.07357
       4242.641      60      73       24.39966
       3414.214      61      70       28.79806
       2414.214      61      71       19.91228
       2828.427      61      72       10.95075
       3828.427      61      73       22.48912
       4828.427      62      69       22.48912
