       9656.854      52      63       28.53999
       9071.067      53      62       26.20003
       8656.854      53      63       30.21200
       8242.641      53      64       24.39966
       8656.854      53      65       24.39966
      13485.280      54      60       30.21200
      13071.070      54      61       30.21200
       8656.854      54      62       25.99579
       7656.854      54      63       29.95663
       7242.641      54      64       24.39966
       6828.427      54      65       24.39966
       6414.214      54      66       24.39966
      13071.070      55      60       30.21200
      12071.070      55      61       36.00478
      11656.850      55      62       26.10058
       7242.641      55      63       28.07356
       6242.641      55      64       22.19196
       5828.427      55      65       37.19452
       5414.214      55      66       24.39966
       5828.427      55      67       24.39966
      13071.070      56      59       30.21200
      12071.070      56      60       37.10436
      11071.070      56      61       44.26530
      10656.850      56      62       25.20107
       6828.427      56      63       30.21200
       5828.427      56      64       21.77807
       4828.427      56      65       23.54357
       4414.214      56      66       39.68479
       4828.427      56      67       44.69730
       3000.000      56      68       24.39966
      13656.850      57      58       30.21200
      12656.850      57      59       35.17143
      11656.850      57      60       35.90168
      10656.850      57      61       33.50347
       9656.854      57      62       16.76406
       9242.641      57      63       30.21200
       5414.214      57      64       24.39966
       4414.214      57      65       18.56396
       3414.214      57      66       23.04048
       3000.000      57      67       24.39966
       2000.000      57      68       44.04009
       1000.000      57      69       24.39966
      12242.640      58      59       31.42538
      11242.640      58      60       40.50575
      10242.640      58      61       36.24809
       9242.641      58      62       20.50851
       8242.641      58      63       19.02847
       5828.427      58      64       25.02231
       4000.000      58      65       24.39966
       3000.000      58      66       14.59559
       2000.000      58      67        9.61675
       1000.000      58      68        9.84895
          0.000      58      69        2.85074
      11656.850      59      60       30.21200
      10656.850      59      61       30.21200
      10242.640      59      62       33.32363
       7828.427      59      63       25.80518
       6828.427      59      64       23.03049
       4414.214      59      65       18.49485
       3414.214      59      66       21.10472
       3000.000      59      67        8.92225
       2000.000      59      68       10.22341
       1000.000      59      69       17.54543
      11656.850      60      61       30.21200
      10242.640      60      63       30.21200
       6414.213      60      64       27.86919
       5414.213      60      65       20.95732
       4414.213      60      66       31.66206
       4000.000      60      67       24.39966
       3000.000      60      68       24.39966
       2000.000      60      69       23.64500
       8828.427      61      64       31.06110
       7828.427      61      65       13.05118
       5414.213      61      66       24.13928
       6414.213      61      67       22.48912
       3414.214      61      68       22.48912
       3000.000      61      69       22.48912
       6828.427      62      65        1.28033
       7828.427      62      66       21.12039
       6828.427      62      67       57.52058
       7828.427      62      68       22.48912
