      11071.070      30      61       24.29681
      10656.850      30      62       14.59757
      10242.640      30      63       24.29681
      10656.850      30      64       29.58251
      16485.279      31      58       26.01814
      11485.280      31      59       26.01814
      10485.280      31      60       15.40539
      10071.070      31      61       15.41002
       9656.854      31      62       16.20656
       9242.641      31      63       20.03068
       9656.854      31      64       22.54726
      17313.711      32      53       24.13268
      16899.500      32      54       26.01814
      17313.711      32      55       23.81663
      15485.280      32      56       26.01814
      15071.070      32      57       26.01814
      15485.280      32      58       28.00977
      15899.500      32      59       26.01814
      10071.070      32      60       26.01814
       9071.067      32      61       15.87503
       8656.854      32      62       26.01814
       8242.641      32      63       16.11493
       7828.427      32      64       22.54726
      17899.500      33      52       24.73169
      16899.500      33      53       25.69095
      15899.500      33      54       28.09264
      15485.280      33      55       34.98284
      14485.280      33      56       37.45099
      14071.070      33      57       36.48203
      14485.280      33      58       37.16851
      12656.850      33      59       20.43375
      13071.070      33      60       26.01814
       8656.854      33      61       31.10684
       7656.854      33      62       28.97446
       7242.641      33      63       20.42076
       6828.427      33      64       36.95475
       7242.641      33      65       22.54726
      16485.279      34      53       24.13268
      15485.280      34      54       31.32079
      14485.280      34      55       17.86619
      13485.280      34      56       18.23367
      13071.070      34      57       26.04207
      14071.070      34      58       26.01814
      11656.850      34      59       30.18539
      10656.850      34      60       26.01814
       9656.854      34      61       26.01814
       7242.641      34      62       26.01814
       6242.641      34      63        3.16047
       5828.427      34      64       39.82851
       5414.214      34      65       64.53621
       5828.427      34      66       22.54726
      16899.500      35      53       24.13268
      15899.500      35      54       26.01814
      15485.280      35      55       26.01814
      13071.070      35      56       26.01814
      12071.070      35      57       11.08075
      11656.850      35      58       26.01814
      10656.850      35      59       26.14335
       9656.854      35      60       35.61610
       8656.854      35      61       26.01814
       8242.641      35      62       26.01814
       5828.427      35      63       26.01814
       4828.427      35      64       49.51761
       4414.214      35      65       38.30711
       3414.214      35      66       22.54726
      16899.490      36      54       26.01814
      13656.850      36      55       40.12782
      12656.850      36      56       37.18732
      11656.850      36      57       16.39232
      10656.850      36      58       13.89263
       9656.854      36      59       17.81312
       8656.854      36      60       31.22787
       7656.854      36      61       20.69568
       7242.641      36      62        9.01888
       6242.641      36      63       26.01814
       3828.427      36      64       22.54726
       3414.214      36      65       29.80437
       2414.214      36      66       22.54726
       3414.214      36      67       22.54726
      18142.131      37      54       26.01814
      17727.920      37      55       26.01814
      17313.711      37      56       26.01814
      12071.070      37      57       26.01814
      11656.850      37      58       26.01814
      10656.850      37      59       37.99672
       8242.641      37      60       23.72018
       7242.641      37      61       20.15813
       6242.641      37      62       13.11589
       5242.641      37      63       30.16080
       4828.427      37      64       22.54726
       2414.214      37      65       17.60921
       1414.214      37      66        6.63364
       2414.214      37      67       10.07613
      16727.920      38      55       53.04283
      16313.710      38      56       41.22161
      15899.500      38      57       26.01814
      16313.710      38      58       26.01814
      11656.850      38      59       26.01814
       8656.854      38      60       26.01814
       7656.854      38      61       26.01814
       5828.427      38      62       26.01814
       4828.427      38      63       30.67047
       3828.427      38      64        5.53923
       4828.427      38      65        4.18294
       2414.214      38      66       22.54726
          0.000      38      67       22.54726
      16313.710      39      55       26.01814
      15313.710      39      56       42.31256
      14899.500      39      57       22.10205
      15313.710      39      58       45.80552
      10899.500      39      59       26.01814
       9071.067      39      60       48.42529
       7242.641      39      61       26.01814
       6242.641      39      62        0.66291
       5242.641      39      63        9.51033
       4828.427      39      64       11.07503
       5828.427      39      65       22.54726
       3414.214      39      66       22.54726
      14899.500      40      56       26.01814
      13899.500      40      57       25.08701
      13485.280      40      58       59.39762
      13899.500      40      59       26.01814
       9485.281      40      60       37.94232
       7656.854      40      61       14.03759
       6656.854      40      62       32.77140
       6242.641      40      63       70.21274
       6656.854      40      64       22.54726
       6242.641      40      65       22.54726
      13485.280      41      57       26.31373
      12485.280      41      58       27.15490
      11485.280      41      59       26.31373
      10485.280      41      60        0.00100
       8071.067      41      61        0.94915
       7656.854      41      62       26.31373
       8071.067      41      63       38.52234
       7656.854      41      64       28.16077
      13899.500      42      57       26.31373
      11485.280      42      58       14.46290
      10485.280      42      59       12.55734
       9485.281      42      60        6.48740
      10485.280      42      61       26.31373
       9485.281      42      62       26.31373
       9071.067      42      63       12.96075
       9485.281      42      64       28.16077
      12899.500      43      57        3.93406
      13899.500      43      58       10.36238
      11485.280      43      59       26.31373
      10485.280      43      60       29.64698
      10899.500      43      61       53.50942
      11899.500      43      62       26.31373
      12485.280      44      59       26.31373
      11485.280      44      60       49.55961
      11899.500      44      61       60.92130
      12313.710      44      62       26.31373
      12899.500      45      61       37.48041
