           5
   20     3313.71    0.318051    142.00   0.01000     20.40
          52          76          53          66          53          67          53          68          53          69          53          75          53          76          54          67          54          68          54          74          54          75          55          68          55          69          55          73          55          74          56          69          56          70          56          72          57          71          58          72
   49     5000.00    0.333070    144.00   0.01000     20.80
          47          73          47          74          48          72          48          73          48          74          48          75          49          72          49          73          49          74          49          75          50          72          50          73          50          74          50          75          50          76          51          63          51          64          51          68          51          72          51          73          51          74          51          75          51          76          52          64          52          65          52          66          52          67          52          68          52          69          52          70          52          71          52          72          52          73          52          74          52          75          53          70          53          71          53          72          53          73          53          74          54          69          54          70          54          71          54          72          54          73          55          70          55          71          55          72          56          71
   54     5000.00    0.310540    146.00   0.01000     21.20
          45          62          45          68          45          69          45          70          45          71          45          72          46          62          46          63          46          69          46          70          46          71          46          72          47          62          47          63          47          64          47          69          47          70          47          71          47          72          48          62          48          63          48          64          48          65          48          66          48          67          48          68          48          69          48          70          48          71          49          62          49          63          49          64          49          65          49          66          49          67          49          68          49          69          49          70          49          71          50          63          50          64          50          65          50          66          50          67          50          68          50          69          50          70          50          71          51          65          51          66          51          67          51          69          51          70          51          71
   30     5000.00    0.264069    148.00   0.01000     21.60
          41          65          42          65          43          63          43          64          43          65          43          69          43          71          44          63          44          64          44          65          44          66          44          67          44          68          44          69          44          70          44          71          45          63          45          64          45          65          45          66          45          67          46          64          46          65          46          66          46          67          46          68          47          65          47          66          47          67          47          68
   23     5000.00    0.307160    150.00   0.01000     22.00
          39          67          39          68          39          69          40          66          40          67          40          68          40          69          40          70          41          66          41          67          41          68          41          69          41          70          42          66          42          67          42          68          42          69          42          70          42          71          43          66          43          67          43          68          43          70
