       7828.427       5      89        9.43233
       6828.427       5      90        9.73834
       6414.213       5      91        9.43233
       4828.427       5      92        9.43233
       4414.214       5      93        9.43233
       7414.213       6      89        9.43233
       6414.213       6      90        9.23765
       5414.213       6      91       10.03894
       4414.213       6      92       15.51648
       3414.214       6      93       14.81747
       2414.214       6      94       10.36558
       6000.000       7      90        9.43233
       5000.000       7      91        9.43233
       4000.000       7      92        9.15079
       3000.000       7      93       10.39888
       2000.000       7      94       14.20632
       1000.000       7      95        9.81194
          0.000       7      96        7.89745
       1000.000       7      97        4.59959
       5414.213       8      91        9.43233
       4414.213       8      92        9.43233
       4000.000       8      93        9.43233
       2414.214       8      94        7.06065
       1414.214       8      95        6.21749
       1000.000       8      96       10.77522
       1414.214       8      97        3.47470
       2414.214       8      98        3.38015
       3828.427       9      93       16.37716
       2828.427       9      94       14.94087
       3000.000       9      95       21.66191
       2000.000       9      96        5.72730
       3000.000       9      97        1.92949
       4000.000       9      98        5.23162
       3828.427       9      99        4.32988
       4000.000      10      95        7.06065
       3000.000      10      96       17.28202
       4000.000      10      97        2.91548
       4000.000      11      96       21.77286
       5414.213      12      95       17.06327
       5000.000      12      96       18.42455
       5414.213      12      97       13.00860
       6828.427      13      94       12.40512
       6414.213      13      95       18.64398
       6000.000      13      96       14.10145
       6414.213      13      97       12.40512
       8828.427      14      93       12.50445
       7828.427      14      94       11.15253
       7414.213      14      95        9.43370
       7000.000      14      96       11.71299
       7414.213      14      97       12.40512
       9828.427      15      93       16.84074
       8828.427      15      94       14.73770
       8414.213      15      95        6.94082
       8000.000      15      96       11.34777
      11242.640      16      92       16.84074
      10242.640      16      93       19.02296
       9828.427      16      94       15.33015
      10242.640      16      95       12.40512
      13656.850      17      92       13.95247
      11242.640      17      93       16.84074
      10828.430      17      94       14.31522
      11242.640      17      95       12.40512
      15242.640      18      90       13.79995
      14242.640      18      91       18.01174
      13242.640      18      92       10.43352
      12242.640      18      93       16.60546
      11828.430      18      94       19.37944
      15656.850      19      90       20.06075
      14656.850      19      91       23.20210
      13656.850      19      92       16.84074
      13242.640      19      93       15.32291
      12828.430      19      94       19.63837
      16071.070      20      90       18.89911
      15656.850      20      91       16.84074
      14656.850      20      92       22.66124
      14242.640      20      93       19.18872
      14656.850      20      94       12.40512
      17485.279      21      89       24.68802
      17656.859      21      90       24.68802
      16656.859      21      91       18.45240
      15656.850      21      92       18.23152
      16071.070      21      93       17.36256
      17071.070      21      94       24.65182
      19071.070      22      89       24.68802
      18656.859      22      90       39.16425
      17656.859      22      91       23.56689
      16656.859      22      92       18.15642
      17071.070      22      93       33.30110
      17485.279      22      94       24.65182
      20071.070      23      89       24.68802
      19071.070      23      90       28.29051
      18656.859      23      91       34.87414
      17656.859      23      92       25.40409
      18071.070      23      93       24.68802
      20485.279      24      89       26.99177
      20071.070      24      90       25.70100
      19071.070      24      91       29.17745
      18656.859      24      92       25.34969
      19656.859      24      93       35.29060
      22485.279      25      88       24.68802
      21485.279      25      89       24.51304
      20485.279      25      90       20.54859
      20071.070      25      91       23.30778
      19656.859      25      92       30.58792
      20071.070      25      93       24.68802
      21071.070      25      94       32.92929
      22899.490      26      88       24.68802
      21899.490      26      89       22.88468
      21485.279      26      90       18.42105
      21071.070      26      91       35.58982
      20656.859      26      92       38.52105
      21071.070      26      93       24.97057
      22071.070      26      94       24.65182
      23313.711      27      88       24.68802
      22899.490      27      89       23.07726
      22485.279      27      90       26.89357
      22071.070      27      91       26.28243
      21656.859      27      92       22.97893
      22071.070      27      93       19.36541
      22485.279      27      94       24.65182
      24727.920      28      87       17.91195
      24313.711      28      88       24.68802
      23899.490      28      89       24.67242
      23485.279      28      90       24.68802
      23071.070      28      91       18.78719
      23485.279      28      92       21.65411
      24485.279      28      93       24.68802
      26142.131      29      86       24.68802
      25727.920      29      87       23.69143
      25313.711      29      88       16.63528
      24899.490      29      89       24.68802
      24485.279      29      90       24.68802
      24071.070      29      91       24.68802
      24485.279      29      92       24.68802
      26727.920      30      87       24.68802
      26313.711      30      88       24.68802
      25899.490      30      89       24.68802
