       1000.000      39      67       22.54726
          0.000      39      68        4.91343
       1000.000      39      69       22.54726
       3828.427      40      66       22.54726
       2000.000      40      67       27.95085
       1000.000      40      68       17.55133
       2000.000      40      69       50.29989
       3000.000      40      70       22.54726
       5828.427      41      65       28.16077
       3414.214      41      66       80.74123
       2414.214      41      67       23.41150
       2000.000      41      68       28.16077
       2414.214      41      69       42.99680
       3414.214      41      70       39.61689
       5414.214      42      65       28.16077
       4414.214      42      66       26.53123
       3414.214      42      67       39.38932
       4414.214      42      68       28.16077
       3414.214      42      69       10.20425
       3828.427      42      70       41.84533
       4828.427      42      71       28.16077
       8656.854      43      63       26.31373
       7656.854      43      64       28.16077
       5828.427      43      65       28.16077
       4828.427      43      66       24.18965
       4414.214      43      67       45.68558
       4828.427      43      68       13.54367
       5828.427      43      69       25.92411
       4828.427      43      70       42.92667
       5828.427      43      71       28.16077
       8242.641      44      63       42.45040
       7242.641      44      64       49.98374
       6242.641      44      65       27.69022
       5828.427      44      66        4.73339
       6828.427      44      67       28.16077
       5828.427      44      68       32.37886
       6242.641      44      69       28.16077
       5828.427      44      70       28.16077
       6242.641      44      71       28.16077
      12242.640      45      62       26.31373
       9828.428      45      63       26.31373
       8828.428      45      64       16.99506
       7828.427      45      65       39.62918
       6828.427      45      66        5.95511
       7828.427      45      67       56.23750
      10242.640      45      68       68.88136
      10656.850      45      69       43.58648
      13071.070      45      70       26.94822
      13485.280      45      71       29.06888
      14485.280      45      72       28.16077
      11828.430      46      62       26.31373
      10828.430      46      63       49.12220
       9828.428      46      64       24.46452
       8828.428      46      65       23.15085
       7828.427      46      66        5.81537
       8242.641      46      67        6.99547
       9242.641      46      68       34.14399
      11656.850      46      69       39.33738
      12071.070      46      70       37.94228
      14485.280      46      71       27.86131
      14899.500      46      72       28.16077
      12242.640      47      62       26.31373
      11242.640      47      63       41.31639
      10242.640      47      64       43.62821
       9828.428      47      65       50.02805
       8828.428      47      66       39.55403
       9242.641      47      67        0.00100
       9656.854      47      68        0.00100
      10656.850      47      69       25.32877
      13071.070      47      70       47.29527
      13485.280      47      71       34.90075
      14485.280      47      72       28.16077
      18313.711      47      73       28.16077
      18727.920      47      74       25.15304
      12656.860      48      62       26.31373
      11656.860      48      63       26.31373
      11242.640      48      64       44.44278
      10242.640      48      65       46.24238
      10656.850      48      66       28.16077
      11656.850      48      67       28.16077
      10656.850      48      68       21.24760
      11071.070      48      69       10.09529
      12071.070      48      70       30.16264
      13071.070      48      71       28.16077
      16899.500      48      72       48.95728
      17313.711      48      73       69.06525
      18313.711      48      74       25.15304
      19313.711      48      75       25.15304
      13656.860      49      62       26.31373
      12656.860      49      63       20.27509
      11656.860      49      64       40.86795
      11242.640      49      65       28.16077
      13071.070      49      66       28.16077
      12071.070      49      67       38.08644
      11656.850      49      68       39.67524
      12071.070      49      69       15.56701
      12485.280      49      70        4.14560
      13485.280      49      71       28.06709
      15899.500      49      72       46.84512
      16899.500      49      73       53.07990
      17899.500      49      74       25.15304
      18899.490      49      75       25.15304
      13656.860      50      63       17.84332
      12656.860      50      64       28.16077
      14485.280      50      65       28.16077
      13485.280      50      66       48.57265
      13071.070      50      67       63.37806
      13485.280      50      68       28.16077
      14485.280      50      69       28.16077
      13485.280      50      70        6.12940
      14485.280      50      71        9.86130
      15485.280      50      72       34.54618
      16485.279      50      73       47.17579
      17485.279      50      74       35.01068
      18485.279      50      75       25.15304
      19485.279      50      76       25.15304
      17727.920      51      63       30.21200
      15899.500      51      64       24.39966
      14899.500      51      65       21.25432
      14485.280      51      66       16.34985
      14071.070      51      67       44.62401
      15899.500      51      68       47.22937
      14899.500      51      69       51.99473
      14485.280      51      70       39.50248
      14899.500      51      71        7.50220
      15899.500      51      72       24.39966
      18313.711      51      73       33.32401
      17899.490      51      74       52.15514
      18899.490      51      75       51.60702
      19899.490      51      76       28.22341
      16313.710      52      64       30.99808
      15899.500      52      65       18.90962
      15485.280      52      66       24.39966
      17313.711      52      67       24.39966
      16313.710      52      68       43.26312
      15899.500      52      69       52.29872
      16899.500      52      70       24.39966
      15899.500      52      71        2.36676
      16899.500      52      72       18.42136
      17899.500      52      73       24.39966
      18899.500      52      74       28.22341
      19899.500      52      75       29.33353
      20313.711      52      76       28.22341
      23313.711      53      66       24.39966
      22313.711      53      67       24.39966
      21313.711      53      68       44.62183
      20313.711      53      69       24.39966
      17899.500      53      70       68.40750
      16899.500      53      71        5.18514
      17899.500      53      72       49.10176
      18899.500      53      73       47.70687
      19899.500      53      74       59.13872
      20899.500      53      75       30.01846
      21899.500      53      76       28.22341
      21899.500      54      67       41.03790
      20899.500      54      68       40.65916
      19899.500      54      69       48.59048
      18899.500      54      70       34.73255
      17899.500      54      71       15.44606
      18899.500      54      72       24.39966
      19313.711      54      73       24.39966
      20313.711      54      74       28.22341
      21313.711      54      75       28.22341
      21899.500      55      68       22.65833
      20899.500      55      69       33.57912
      19899.500      55      70       23.68057
      18899.500      55      71       26.82506
      19899.500      55      72       35.09419
      20899.500      55      73       45.88746
      21899.500      55      74       28.22341
      21313.711      56      69       24.39966
      20899.500      56      70       24.39966
      19899.500      56      71       17.45751
      20899.500      56      72       69.98848
      20899.500      57      71       26.40051
      22313.711      58      72       18.13566
