       9242.641       7      88        9.43233
       8828.427       7      89        9.43233
       8828.427       8      88        6.50749
       7828.427       8      89        6.03455
       7414.213       8      90        4.06556
       8828.427       9      87        5.65136
       8414.213       9      88        9.43233
       7414.213       9      89        9.43233
       6414.213       9      90       10.55250
       6000.000       9      91        9.43233
       5000.000       9      92        9.66225
      16899.500      10      81        4.61962
      15071.070      10      82        7.81883
      14071.070      10      83        9.50756
      13656.850      10      84        9.43233
       9414.213      10      86        9.43233
       8414.213      10      87        4.95821
       7414.213      10      88        7.15838
       6414.213      10      89       12.81032
       6000.000      10      90       15.63277
       5000.000      10      91       20.12899
       4000.000      10      92       20.22414
       3000.000      10      93       18.00814
       2000.000      10      94        7.06065
      25142.131      11      76       15.31041
      24142.131      11      77       10.15701
      23727.920      11      78       15.29498
      18485.279      11      79        4.66704
      17485.279      11      80        7.93148
      16485.279      11      81        8.36044
      15485.280      11      82       11.29354
      13656.850      11      83        5.14782
      12656.850      11      84       10.72682
      12242.640      11      85        8.97900
       9828.427      11      86       16.84074
       9414.213      11      87        7.80571
       8414.213      11      88       11.50287
       6000.000      11      89       17.94349
       5000.000      11      90       13.01926
       4000.000      11      91        8.97423
       3000.000      11      92        7.45395
       2000.000      11      93       12.26550
       1000.000      11      94       18.85430
          0.000      11      95       17.56696
      28142.131      12      72        7.32965
      27142.131      12      73        7.96063
      26142.131      12      74        8.81413
      25142.131      12      75       15.29498
      24142.131      12      76        9.95582
      23142.131      12      77        6.47664
      22727.920      12      78       11.94211
      22313.711      12      79       15.29498
      17071.070      12      80       15.29498
      16071.070      12      81       15.44293
      15071.070      12      82        8.83375
      14071.070      12      83       13.80003
      12242.640      12      84       16.84074
      11242.640      12      85       12.12191
      10828.430      12      86       18.71481
       8414.213      12      87       20.30868
       7414.213      12      88       20.83900
       6414.213      12      89       23.72880
       6000.000      12      90       16.84074
       5000.000      12      91       16.84074
       4000.000      12      92       14.88106
       3000.000      12      93       16.84074
       2000.000      12      94       12.40512
      28727.920      13      71       15.49734
      27727.920      13      72       14.50599
      26727.920      13      73       12.03518
      25727.920      13      74       10.78879
      24727.920      13      75       11.13184
      23727.920      13      76       10.18545
      22727.920      13      77        9.16269
      21727.920      13      78        7.47365
      21313.711      13      79       12.48219
      21727.920      13      80       15.29498
      15656.850      13      81       17.55082
      14656.850      13      82       13.42858
      13656.850      13      83       15.14913
      12656.850      13      84       15.20529
      10828.430      13      85       18.97410
       9828.427      13      86       15.69486
       8828.427      13      87       21.70805
       8414.213      13      88       19.51225
       7414.213      13      89       16.84074
       7828.427      13      90       16.30594
       6000.000      13      91       11.71414
       5000.000      13      92       14.38663
       5414.213      13      93       15.67605
      30142.131      14      70       32.40873
      29142.131      14      71       20.90129
      28142.131      14      72       26.09638
      27142.131      14      73       19.39921
      26142.131      14      74       10.36260
      24313.711      14      75       12.40934
      23313.711      14      76       11.55036
      22313.711      14      77       23.15235
      21313.711      14      78        9.55906
      20313.711      14      79       10.97004
      19899.490      14      80       15.29498
      20313.711      14      81       15.29498
      14242.640      14      82       15.56329
      13242.640      14      83       16.85209
      12242.640      14      84       16.09217
      11242.640      14      85       17.04925
      10828.430      14      86       16.84074
       9828.427      14      87       16.84074
       9414.213      14      88       16.84074
       9828.427      14      89       11.05929
       8828.427      14      90       15.01050
       6414.213      14      91       14.69119
       6000.000      14      92       23.71083
      31556.350      15      69       39.98562
      30556.350      15      70       38.24294
      30142.131      15      71       36.15746
      28556.350      15      72       27.81190
      25313.711      15      73       28.89643
      24313.711      15      74       15.29498
      23313.711      15      75       15.89325
      22313.711      15      76       11.19531
      21313.711      15      77       18.20734
      20313.711      15      78       13.60461
      19313.711      15      79       19.56125
      18899.490      15      80       11.19806
      17899.490      15      81       15.29498
      17485.279      15      82       17.67777
      13656.850      15      83       15.29498
      12656.850      15      84       14.74529
      12242.640      15      85       16.45860
      12656.850      15      86       18.93318
      12242.640      15      87       16.84074
      11242.640      15      88       14.10231
      10828.430      15      89       14.32873
       9828.427      15      90       18.84631
       7414.213      15      91       17.69200
       7000.000      15      92       16.84074
      32970.559      16      68       16.52731
      31970.561      16      69       34.58802
      31556.350      16      70       35.66616
      29970.561      16      71       44.00437
      26727.920      16      72       26.09638
      25727.920      16      73       26.09638
      24727.920      16      74       17.54886
      23727.920      16      75       15.72513
      22727.920      16      76       12.78552
      21727.920      16      77        9.89948
      19899.490      16      78       10.48624
      18899.490      16      79       14.35803
      17899.490      16      80       16.95526
      17485.279      16      81        5.86446
      16485.279      16      82       19.70462
      14071.070      16      83       24.83266
      13656.850      16      84       26.86513
      14071.070      16      85       21.65131
      13656.850      16      86       26.16886
      14071.070      16      87        5.05594
      12242.640      16      88       14.69973
      13242.640      16      89       16.84074
       8828.427      16      90       16.84074
       8414.213      16      91       27.55846
      33384.770      17      68        9.29760
      32970.559      17      69       21.95521
      28313.711      17      70       26.09638
      27313.711      17      71       26.09638
      26313.711      17      72       26.09638
      24485.279      17      73       26.09638
      23485.279      17      74       15.29498
      22485.279      17      75       16.53576
      21485.279      17      76       14.91251
      20485.279      17      77       11.77761
      19485.279      17      78       14.08636
      18485.279      17      79       15.13514
      17485.279      17      80       16.59391
      16485.279      17      81       10.45274
      15485.280      17      82       16.71518
      16485.279      17      83       18.45966
      15485.280      17      84       24.23607
      15071.070      17      85       16.84074
      15485.280      17      86       22.42071
      16485.279      17      87       16.84074
      13242.640      17      88       13.38163
      13656.850      17      89       15.67021
       9828.427      17      90       16.84074
       9414.213      17      91       16.84074
      30727.920      18      68       26.09638
      29727.920      18      69       26.09638
      27899.490      18      70       26.09638
      26899.490      18      71       32.41088
      25899.490      18      72       34.98337
      24899.490      18      73       24.26695
      23899.490      18      74       23.14732
      22899.490      18      75       17.99019
      21899.490      18      76       15.29498
      20899.490      18      77       15.29498
      20727.920      18      78       24.33747
      18899.490      18      79       15.29498
      17899.490      18      80       15.15134
      17485.279      18      81       12.08727
      16485.279      18      82       14.31783
      16899.500      18      83       15.29498
      17899.490      18      84       23.76239
      18899.490      18      85       16.84074
      16485.279      18      86       19.03756
      16899.500      18      87       21.73131
      14242.640      18      88       14.39469
      14656.850      18      89       16.84074
      32142.131      19      67       14.12059
      30313.711      19      68       26.09638
      29313.711      19      69       37.83908
      28313.711      19      70       23.24780
      27313.711      19      71       37.15397
      26313.711      19      72       26.09638
      25313.711      19      73       26.09638
      24313.711      19      74       15.29498
      25556.350      19      75       15.29498
      25142.131      19      76       15.29498
      21313.711      19      77       15.29498
      20313.711      19      78       17.32655
      19313.711      19      79       14.94987
      18899.490      19      80       11.49164
      19313.711      19      81       14.04807
      17485.279      19      82       20.94261
      17899.490      19      83       15.29498
      18899.490      19      84       16.84074
      19313.711      19      85       16.84074
      17485.279      19      86       21.28673
      17899.490      19      87       16.84074
      15242.640      19      88       13.93754
      15656.850      19      89       16.84074
      45698.480      20      66       26.09638
      31727.920      20      67       15.46064
      30727.920      20      68       15.10987
      29727.920      20      69       18.28675
      28727.920      20      70       19.56381
      28313.711      20      71       26.09638
      26727.920      20      72       33.12517
      27142.131      20      73       31.55727
      26142.131      20      74       35.18840
      25142.131      20      75       31.38577
      24142.131      20      76       34.12133
      23142.131      20      77       23.08928
      21313.711      20      78       13.10015
      20313.711      20      79       13.11484
      21313.711      20      80       27.80082
      20313.711      20      81       15.29498
      20727.920      20      82       15.05926
      21727.920      20      83       16.87336
      22727.920      20      84       25.96168
      24556.350      20      85       16.84074
      18485.279      20      86       16.84074
      16656.850      20      87       16.84074
      16242.640      20      88       22.76306
      16656.850      20      89       16.84074
      44284.270      21      65       33.37711
      43870.051      21      66       29.58251
      44284.270      21      67       29.58251
      42455.840      21      68       29.58251
      40870.051      21      69       19.29378
      40455.840      21      70       31.81637
      40041.629      21      71       29.58251
      28556.350      21      72       29.58251
      27556.350      21      73       41.35585
      26556.350      21      74       36.77125
      25556.350      21      75       39.16996
      23727.920      21      76       36.41385
      22727.920      21      77       39.65931
      21727.920      21      78       22.48767
      21313.711      21      79       25.99146
      21727.920      21      80       25.99146
      22727.920      21      81       25.99146
      21727.920      21      82       29.20589
      22727.920      21      83       27.54088
      23142.131      21      84       21.64336
      24142.131      21      85       21.50078
      25142.131      21      86       22.07997
      26142.131      21      87       24.68802
      17242.641      21      88       23.30114
      43698.480      22      64       29.58251
      43284.270      22      65       29.33188
      42870.051      22      66       42.27050
      43284.270      22      67       29.58251
      41455.840      22      68       29.58251
      41870.051      22      69       29.58251
      39455.840      22      70       38.38131
      39041.629      22      71       30.14590
      38627.410      22      72       29.58251
      27970.561      22      73       29.58251
      26970.561      22      74       25.99146
      25142.131      22      75       25.99146
      24142.131      22      76       25.99146
      23142.131      22      77       31.79402
      22727.920      22      78       18.77338
      23142.131      22      79       28.10584
      24142.131      22      80       27.19145
      23142.131      22      81       17.10263
      22727.920      22      82       20.40028
      23142.131      22      83       26.91448
      24142.131      22      84       24.68802
      24556.350      22      85       30.84517
      25556.350      22      86       20.25517
      26556.350      22      87       23.74547
      18242.641      22      88       24.68802
      44284.270      23      63       24.29681
      43284.270      23      64       29.58251
      42284.270      23      65       39.41452
      41870.051      23      66       28.33176
      40870.051      23      67       29.58251
      40455.840      23      68       36.38592
      40041.629      23      69       33.25313
      38455.840      23      70       29.58251
      38041.629      23      71       31.25783
      37627.410      23      72       32.87540
      38041.629      23      73       29.58251
      26556.350      23      74       25.99146
      25556.350      23      75       30.54156
      25142.131      23      76       28.72336
      24142.131      23      77       21.59583
      24556.350      23      78       27.71778
      24142.131      23      79       25.99146
      24556.350      23      80       31.35373
      25556.350      23      81       31.15939
      23727.920      23      82       25.99146
      24142.131      23      83       24.87416
      24556.350      23      84       34.58292
      25556.350      23      85       34.48669
      26556.350      23      86       27.31480
      26970.561      23      87       29.59970
      27970.561      23      88       24.68802
      44698.480      24      63       33.82272
      42870.051      24      64       27.88237
      41870.051      24      65       31.10339
      40870.051      24      66       34.28110
      39870.051      24      67       23.20097
      39455.840      24      68       33.27199
      39041.629      24      69       39.88934
      39455.840      24      70       29.58251
      37041.629      24      71       27.30258
      36627.410      24      72       30.62520
      37041.629      24      73       29.58251
      33213.199      24      74       25.99146
      30798.980      24      75       35.28037
      26142.131      24      76       39.53976
      25142.131      24      77       26.39898
      25556.350      24      78       26.94106
      26556.350      24      79       25.99146
      25556.350      24      80       35.43919
      25970.561      24      81       25.99146
      25556.350      24      82       25.99146
      25142.131      24      83       25.45610
      25556.350      24      84       25.86654
      26556.350      24      85       24.68802
      27556.350      24      86       24.68802
      27970.561      24      87       24.68802
      28384.770      24      88       24.68802
      45284.270      25      62       24.29681
      44284.270      25      63       35.18407
      43284.270      25      64       28.58891
      41455.840      25      65       30.92072
      40455.840      25      66       31.70762
      39455.840      25      67       31.37967
      38455.840      25      68       25.88801
      38041.629      25      69       29.73096
      37041.629      25      70       39.54789
      37455.840      25      71       29.58251
      35627.410      25      72       34.76299
      35213.199      25      73       24.53633
      32213.199      25      74       58.56834
      31798.980      25      75       42.40578
      29384.770      25      76       31.93870
      26970.561      25      77       26.00726
      26556.350      25      78       18.63306
      27556.350      25      79       33.54102
      29970.561      25      80       25.99146
      30970.561      25      81       25.99146
      26556.350      25      82       29.04752
      26142.131      25      83       25.99146
      26556.350      25      84       28.20734
      26970.561      25      85       19.84529
      27970.561      25      86       19.76279
      28970.561      25      87       24.68802
      45698.480      26      62       24.29681
      44698.480      26      63       21.26177
      42870.051      26      64       28.37402
      41870.051      26      65       29.90122
      40870.051      26      66       42.11661
      40455.840      26      67       39.41373
      38041.629      26      68       31.93967
      37041.629      26      69       27.50659
      36041.629      26      70       22.90047
      35627.410      26      71       28.52418
      34627.410      26      72       24.33969
      34213.199      26      73       34.10615
      31798.980      26      74       25.99146
      30798.980      26      75       36.78835
      28384.770      26      76       31.28805
      27970.561      26      77       11.00689
      27556.350      26      78       21.38111
      28556.350      26      79       30.84622
      29556.350      26      80       26.79867
      30556.350      26      81       32.52546
      31556.350      26      82       20.11044
      27970.561      26      83       25.99146
      27556.350      26      84       31.78216
      27970.561      26      85       24.68802
      28384.770      26      86       24.67341
      29384.770      26      87       24.68802
      45284.270      27      62       24.29681
      44284.270      27      63        9.78433
      43870.051      27      64       24.58845
      42284.270      27      65       23.69071
      41870.051      27      66       31.89887
      39455.840      27      67       29.58251
      38455.840      27      68       41.76427
      38041.629      27      69       34.79148
      35627.410      27      70       29.58251
      34627.410      27      71       17.69443
      33627.410      27      72       33.86951
      33213.199      27      73       27.00194
      32213.199      27      74       37.72019
      29798.980      27      75        0.00100
      29384.770      27      76       24.37346
      30384.770      27      77       25.99146
      28556.350      27      78       25.99146
      28970.561      27      79       22.09859
      29970.561      27      80       34.94370
      30970.561      27      81       23.49969
      31970.561      27      82       25.99146
      35798.988      27      83       25.99146
      28556.350      27      84       24.68802
      29798.980      27      85       24.68802
      29384.770      27      86       22.25233
      29798.980      27      87       10.72177
      45698.480      28      62       21.23235
      45284.270      28      63       26.07273
      44870.051      28      64       28.35462
      43284.270      28      65       29.58251
      40870.051      28      66       25.50004
      39870.051      28      67       38.99136
      39455.840      28      68       47.09654
      39041.629      28      69       53.42680
      36041.629      28      70       38.52500
      34213.199      28      71       33.14241
      33213.199      28      72       13.42455
      32213.199      28      73        4.77297
      31213.199      28      74        7.70908
      30798.980      28      75        2.40586
      31798.980      28      76       23.63698
      32798.980      28      77       42.93003
      30970.561      28      78       25.99146
      29970.561      28      79        8.27032
      30970.561      28      80       14.29539
      33384.770      28      81       35.34108
      34384.770      28      82       35.04860
      34798.988      28      83       32.94419
      35798.988      28      84       32.57418
      36798.988      28      85       24.68802
      30384.770      28      86       17.00304
      46698.480      29      62       24.29681
      46284.270      29      63       24.29681
      45870.051      29      64       29.58251
      42284.270      29      65       29.58251
      41284.270      29      66       29.58251
      40870.051      29      67       20.51295
      40455.840      29      68       29.58251
      36627.410      29      69       29.58251
      35627.410      29      70       49.32994
      34627.410      29      71       36.86569
      33627.410      29      72       42.81720
      32627.410      29      73        1.54868
      33627.410      29      74        5.39021
      31798.980      29      75       37.99959
      32798.980      29      76       29.75978
      33213.199      29      77       32.04544
      34213.199      29      78       25.99146
      30970.561      29      79       25.44597
      31384.770      29      80        3.67619
      32384.770      29      81       16.85531
      33384.770      29      82       28.05786
      34384.770      29      83       32.57066
      35384.770      29      84       27.96085
      36384.770      29      85       33.75942
      44698.480      30      65       33.47940
      43698.480      30      66       30.85638
      42698.480      30      67       29.58251
      41698.480      30      68       29.58251
      41284.270      30      69       29.58251
      36041.629      30      70       29.58251
      35627.410      30      71       29.58251
      34627.410      30      72       36.55613
      33627.410      30      73        4.11706
      34627.410      30      74       25.93839
      35041.629      30      75       25.99146
      33798.980      30      76       39.05419
      34213.199      30      77       35.79208
      34627.410      30      78       30.89476
      32798.980      30      79       25.99146
      32384.770      30      80       25.99146
      33384.770      30      81       27.96815
      33798.980      30      82       27.49965
      34798.980      30      83       23.73151
      35798.980      30      84       33.98051
      37627.410      30      85       24.68802
      38627.410      30      86       26.95262
      44284.270      31      65       22.54726
      43284.270      31      66       30.75655
      42284.270      31      67       32.08423
      41284.270      31      68       45.27980
      40284.270      31      69       40.94479
      39870.051      31      70       22.54726
      36041.629      31      71       22.54726
      35041.629      31      72        8.55280
      34627.410      31      73       15.18138
      35627.410      31      74       27.28374
      36041.629      31      75       27.28374
      34798.980      31      76       27.28374
      35213.199      31      77       30.21558
      35627.410      31      78       35.59664
      36041.629      31      79       38.69997
      34798.988      31      80       31.13213
      34384.770      31      81       33.00087
      34798.980      31      82       19.96614
      35213.199      31      83       20.49815
      36213.199      31      84       25.88447
      37213.199      31      85       36.84822
      38213.199      31      86       33.38721
      39213.199      31      87       26.05199
      43870.051      32      65       22.54726
      42870.051      32      66       22.54726
      41870.051      32      67       41.45369
      40870.051      32      68       22.54726
      39870.051      32      69       49.23569
      38870.051      32      70       32.43349
      38455.840      32      71       45.38892
      36041.629      32      72       19.02602
      35627.410      32      73       41.25184
      36041.629      32      74       35.53511
      37041.629      32      75       38.33418
      38041.629      32      76       27.28374
      36213.199      32      77       27.28374
      36627.410      32      78       48.88652
      37041.629      32      79       27.28374
      35798.988      32      80       42.04747
      36213.199      32      81       29.68231
      35798.980      32      82       32.52316
      36213.199      32      83       29.94505
      37213.199      32      84       35.96687
      37627.410      32      85       26.05199
      38627.410      32      86       26.05199
      42455.840      33      66       22.54726
      41455.840      33      67       37.93609
      40455.840      33      68       40.91134
      39455.840      33      69       44.24628
      38455.840      33      70       25.04615
      37455.840      33      71       14.20238
      38455.840      33      72       22.54726
      37455.840      33      73       22.54726
      37041.629      33      74       27.28374
      37455.840      33      75       41.18086
      38455.840      33      76       43.85437
      39455.840      33      77       27.28374
      37627.410      33      78       27.28374
      38041.629      33      79       27.28374
      37627.410      33      80       21.41709
      37213.199      33      81       27.28374
      36798.980      33      82       38.33360
      37213.199      33      83       27.23945
      37627.410      33      84       32.91190
      38627.410      33      85       26.05199
      41870.051      34      67       22.54726
      41455.840      34      68       22.54726
      40455.840      34      69       39.56355
      39455.840      34      70       18.41295
      38455.840      34      71       17.34097
      39455.840      34      72       20.41001
      40455.840      34      73       45.65085
      41455.840      34      74       27.28374
      38455.840      34      75       27.28374
      38870.051      34      76       20.59486
      39870.051      34      77       22.25275
      40870.051      34      78       23.26064
      39041.629      34      79       27.28374
      38627.410      34      80       27.28374
      38213.199      34      81       16.54265
      38627.410      34      82       12.01694
      38213.199      34      83       27.48124
      38627.410      34      84       34.80237
      39627.410      34      85       26.05199
      44698.480      35      68       22.54726
      40870.051      35      69       22.54726
      39870.051      35      70       19.69716
      39455.840      35      71       22.54726
      39870.051      35      72       22.54726
      40870.051      35      73       40.62759
      41870.051      35      74       44.87450
      42870.051      35      75       27.28374
      39870.051      35      76       27.28374
      40870.051      35      77       27.28374
      41284.270      35      78       43.52129
      42284.270      35      79       13.68751
      39627.410      35      80       27.28374
      40041.629      35      81       26.58805
      39627.410      35      82       27.28374
      39213.199      35      83       17.12300
      39627.410      35      84       26.05199
      43284.270      36      69        0.00100
      40870.051      36      70        9.08223
      41870.051      36      71       78.80898
      40870.051      36      72       18.58410
      41870.051      36      73       22.54726
      42284.270      36      74       42.59880
      43284.270      36      75       38.36721
      44284.270      36      76       27.28374
      42698.480      36      77       17.82005
      42284.270      36      78       28.60079
      43284.270      36      79       24.34907
      41455.840      36      80       27.28374
      41041.629      36      81       27.28374
      40627.410      36      82       27.28374
      40213.199      36      83       21.74216
      40627.410      36      84       26.05199
      42284.270      37      69        0.14731
      43284.270      37      70       22.54726
      44284.270      37      71       22.54726
      43284.270      37      72       13.25759
      44284.270      37      73       47.36048
      43284.270      37      74       27.28374
      44284.270      37      75       43.30327
      44698.480      37      76       34.70733
      45698.480      37      77       27.28374
      44698.480      37      78       27.28374
      44284.270      37      79       27.28374
      43627.410      37      80       27.28374
      42627.410      37      81       36.19696
      41627.410      37      82       17.25375
      41213.199      37      83       22.51836
      41627.410      37      84       26.05199
      45698.480      38      74       19.33314
      46698.480      38      75       19.15876
      47698.480      38      76       27.28374
      46112.699      38      77       15.55906
      43041.629      38      81       11.87960
      42627.410      38      82       27.28374
      42213.199      38      83       27.28374
      42627.410      38      84       26.05199
