           6
    6     1727.92    0.231798    153.33   0.01000     22.50
          29          86          29          87          29          88          30          87          30          88          30          89
   34     5000.00    0.247518    156.67   0.01000     23.00
          23          89          24          89          24          90          25          88          25          89          25          90          25          91          25          93          25          94          26          88          26          89          26          90          26          91          26          92          26          93          26          94          27          88          27          89          27          90          27          91          27          92          27          93          27          94          28          87          28          88          28          89          28          90          28          91          28          92          28          93          29          89          29          90          29          91          29          92
   24     5000.00    0.247861    160.00   0.01000     23.50
          18          90          19          90          20          90          20          91          21          89          21          90          21          91          21          92          21          93          21          94          22          89          22          90          22          91          22          92          22          93          22          94          23          90          23          91          23          92          23          93          24          91          24          92          24          93          25          92
   18     5000.00    0.166373    163.33   0.01000     24.00
          16          92          16          93          16          95          17          92          17          93          17          94          17          95          18          91          18          92          18          93          18          94          19          91          19          92          19          93          19          94          20          92          20          93          20          94
   26     5000.00    0.120795    166.67   0.01000     24.50
           5          89           5          90           5          91           6          89           6          90           6          91           7          90           7          91           8          91          12          95          12          96          12          97          13          94          13          95          13          96          13          97          14          93          14          94          14          95          14          96          14          97          15          93          15          94          15          95          15          96          16          94
   29     5000.00    0.098149    170.00   0.01000     25.00
           5          92           5          93           6          92           6          93           6          94           7          92           7          93           7          94           7          95           7          96           7          97           8          92           8          93           8          94           8          95           8          96           8          97           8          98           9          93           9          94           9          95           9          96           9          97           9          98           9          99          10          95          10          96          10          97          11          96
